#FORMAT=WebAnno TSV 3.2
#T_SP=webanno.custom.Referent|entity|infstat
#T_RL=webanno.custom.Coref|type|BT_webanno.custom.Referent


#Text=David Powel
1-1	0-5	David	person[1]	new[1]	coref	2-1[2_1]
1-2	6-11	Powel	person[1]	new[1]	_	_

#Text=David Powel ( 1549/52 – 1598 ) was a Welsh Church of England clergyman and historian who published the first printed history of Wales in 1584 .
2-1	12-17	David	person[2]	giv[2]	coref	2-9[7_2]
2-2	18-23	Powel	person[2]	giv[2]	_	_
2-3	24-25	(	person[2]	giv[2]	_	_
2-4	26-33	1549/52	person[2]|time[3]	giv[2]|new[3]	_	_
2-5	34-35	–	person[2]|time[3]	giv[2]|new[3]	_	_
2-6	36-40	1598	person[2]|time[3]|time	giv[2]|new[3]|new	coref	12-4
2-7	41-42	)	person[2]	giv[2]	_	_
2-8	43-46	was	_	_	_	_
2-9	47-48	a	person[7]|person[8]	giv[7]|giv[8]	coref|coref	2-9[8_7]|4-1[0_8]
2-10	49-54	Welsh	person[7]|person[8]	giv[7]|giv[8]	_	_
2-11	55-61	Church	organization[5]|person[7]|person[8]	new[5]|giv[7]|giv[8]	_	_
2-12	62-64	of	organization[5]|person[7]|person[8]	new[5]|giv[7]|giv[8]	_	_
2-13	65-72	England	organization[5]|place|person[7]|person[8]	new[5]|new|giv[7]|giv[8]	coref	19-36
2-14	73-82	clergyman	person[7]|person[8]	giv[7]|giv[8]	_	_
2-15	83-86	and	person[8]	giv[8]	_	_
2-16	87-96	historian	person[8]|person[9]	giv[8]|new[9]	ana	4-8[0_9]
2-17	97-100	who	person[8]|person[9]	giv[8]|new[9]	_	_
2-18	101-110	published	person[8]|person[9]	giv[8]|new[9]	_	_
2-19	111-114	the	person[8]|person[9]|abstract[10]	giv[8]|new[9]|new[10]	_	_
2-20	115-120	first	person[8]|person[9]|abstract[10]	giv[8]|new[9]|new[10]	_	_
2-21	121-128	printed	person[8]|person[9]|abstract[10]	giv[8]|new[9]|new[10]	_	_
2-22	129-136	history	person[8]|person[9]|abstract[10]	giv[8]|new[9]|new[10]	_	_
2-23	137-139	of	person[8]|person[9]|abstract[10]	giv[8]|new[9]|new[10]	_	_
2-24	140-145	Wales	person[8]|person[9]|abstract[10]|place	giv[8]|new[9]|new[10]|new	coref	11-19
2-25	146-148	in	person[8]|person[9]	giv[8]|new[9]	_	_
2-26	149-153	1584	person[8]|person[9]|time	giv[8]|new[9]|new	coref	11-22[85_0]
2-27	154-155	.	_	_	_	_

#Text=Life
3-1	156-160	Life	abstract	new	_	_

#Text=Powel was born in Denbighshire and commenced his studies at the University of Oxford when he was 16 , sometime between 1566 and 1568 .
4-1	161-166	Powel	person	giv	coref	8-2
4-2	167-170	was	_	_	_	_
4-3	171-175	born	_	_	_	_
4-4	176-178	in	_	_	_	_
4-5	179-191	Denbighshire	place	new	coref	8-14
4-6	192-195	and	_	_	_	_
4-7	196-205	commenced	_	_	_	_
4-8	206-209	his	person|abstract[17]	giv|new[17]	ana	4-16
4-9	210-217	studies	abstract[17]	new[17]	_	_
4-10	218-220	at	_	_	_	_
4-11	221-224	the	organization[18]	new[18]	_	_
4-12	225-235	University	organization[18]	new[18]	_	_
4-13	236-238	of	organization[18]	new[18]	_	_
4-14	239-245	Oxford	organization[18]|place	new[18]|new	_	_
4-15	246-250	when	_	_	_	_
4-16	251-253	he	person	giv	ana	5-2
4-17	254-257	was	_	_	_	_
4-18	258-260	16	time[21]	new[21]	_	_
4-19	261-262	,	time[21]	new[21]	_	_
4-20	263-271	sometime	time[21]	new[21]	_	_
4-21	272-279	between	time[21]	new[21]	_	_
4-22	280-284	1566	time[21]|time	new[21]|new	_	_
4-23	285-288	and	time[21]	new[21]	_	_
4-24	289-293	1568	time[21]|time	new[21]|new	_	_
4-25	294-295	.	_	_	_	_

#Text=Whilst his initial college membership is not known , it is known that he moved to Jesus College when it was founded in 1571 .
5-1	296-302	Whilst	_	_	_	_
5-2	303-306	his	person|organization[26]	giv|new[26]	ana|ana	5-10[0_26]|5-14
5-3	307-314	initial	organization[26]	new[26]	_	_
5-4	315-322	college	organization|organization[26]	new|new[26]	coref	5-17[30_0]
5-5	323-333	membership	organization[26]	new[26]	_	_
5-6	334-336	is	_	_	_	_
5-7	337-340	not	_	_	_	_
5-8	341-346	known	_	_	_	_
5-9	347-348	,	_	_	_	_
5-10	349-351	it	organization	giv	ana	5-20
5-11	352-354	is	_	_	_	_
5-12	355-360	known	_	_	_	_
5-13	361-365	that	_	_	_	_
5-14	366-368	he	person	giv	ana	6-1
5-15	369-374	moved	_	_	_	_
5-16	375-377	to	_	_	_	_
5-17	378-383	Jesus	person|organization[30]	new|giv[30]	coref	6-17[40_30]
5-18	384-391	College	organization[30]	giv[30]	_	_
5-19	392-396	when	_	_	_	_
5-20	397-399	it	organization	giv	_	_
5-21	400-403	was	_	_	_	_
5-22	404-411	founded	_	_	_	_
5-23	412-414	in	_	_	_	_
5-24	415-419	1571	time	new	_	_
5-25	420-421	.	_	_	_	_

#Text=He obtained his B.A. degree on 3 March 1573 and is thought to have been the college 's first graduate . [ 1 ]
6-1	422-424	He	person	giv	ana	6-3
6-2	425-433	obtained	_	_	_	_
6-3	434-437	his	person|abstract[36]	giv|new[36]	ana	7-1
6-4	438-442	B.A.	person|abstract[36]	new|new[36]	_	_
6-5	443-449	degree	abstract[36]	new[36]	_	_
6-6	450-452	on	_	_	_	_
6-7	453-454	3	time[37]	new[37]	_	_
6-8	455-460	March	time[37]|time	new[37]|new	_	_
6-9	461-465	1573	time[37]|time	new[37]|new	coref	19-2
6-10	466-469	and	_	_	_	_
6-11	470-472	is	_	_	_	_
6-12	473-480	thought	_	_	_	_
6-13	481-483	to	_	_	_	_
6-14	484-488	have	_	_	_	_
6-15	489-493	been	_	_	_	_
6-16	494-497	the	person[41]	new[41]	_	_
6-17	498-505	college	organization[40]|person[41]	giv[40]|new[41]	_	_
6-18	506-508	's	organization[40]|person[41]	giv[40]|new[41]	_	_
6-19	509-514	first	person[41]	new[41]	_	_
6-20	515-523	graduate	person[41]	new[41]	_	_
6-21	524-525	.	_	_	_	_
6-22	526-527	[	_	_	_	_
6-23	528-529	1	abstract	new	coref	12-14
6-24	530-531	]	_	_	_	_

#Text=He obtained his M.A. on 6 July 1576 .
7-1	532-534	He	person	giv	ana	7-3
7-2	535-543	obtained	_	_	_	_
7-3	544-547	his	person|person[45]	giv|new[45]	_	_
7-4	548-552	M.A.	person[45]	new[45]	_	_
7-5	553-555	on	_	_	_	_
7-6	556-557	6	time[46]	new[46]	_	_
7-7	558-562	July	time[46]|time	new[46]|new	_	_
7-8	563-567	1576	time[46]|time	new[46]|new	_	_
7-9	568-569	.	_	_	_	_

#Text=Before Powel graduated , he had been named as vicar of Ruabon , Denbighshire and rector of Llanfyllin , Montgomeryshire .
8-1	570-576	Before	_	_	_	_
8-2	577-582	Powel	person	giv	ana	8-5
8-3	583-592	graduated	_	_	_	_
8-4	593-594	,	_	_	_	_
8-5	595-597	he	person	giv	ana	9-1
8-6	598-601	had	_	_	_	_
8-7	602-606	been	_	_	_	_
8-8	607-612	named	_	_	_	_
8-9	613-615	as	_	_	_	_
8-10	616-621	vicar	person[51]	new[51]	_	_
8-11	622-624	of	person[51]	new[51]	_	_
8-12	625-631	Ruabon	person[51]|place	new[51]|new	coref	12-6[89_0]
8-13	632-633	,	_	_	_	_
8-14	634-646	Denbighshire	place	giv	_	_
8-15	647-650	and	_	_	_	_
8-16	651-657	rector	person[54]	new[54]	_	_
8-17	658-660	of	person[54]	new[54]	_	_
8-18	661-671	Llanfyllin	person[54]|place	new[54]|new	coref	9-10
8-19	672-673	,	_	_	_	_
8-20	674-689	Montgomeryshire	place	new	_	_
8-21	690-691	.	_	_	_	_

#Text=He became vicar of Meifod in place of his Llanfyllin position in 1579 , and was also the holder of two prebends at St Asaph Cathedral .
9-1	692-694	He	person	giv	ana	9-9
9-2	695-701	became	_	_	_	_
9-3	702-707	vicar	_	_	_	_
9-4	708-710	of	_	_	_	_
9-5	711-717	Meifod	place	new	_	_
9-6	718-720	in	_	_	_	_
9-7	721-726	place	_	_	_	_
9-8	727-729	of	_	_	_	_
9-9	730-733	his	person|abstract[61]	giv|new[61]	ana	10-5
9-10	734-744	Llanfyllin	place|abstract[61]	giv|new[61]	_	_
9-11	745-753	position	abstract[61]	new[61]	_	_
9-12	754-756	in	_	_	_	_
9-13	757-761	1579	time	new	_	_
9-14	762-763	,	_	_	_	_
9-15	764-767	and	_	_	_	_
9-16	768-771	was	_	_	_	_
9-17	772-776	also	_	_	_	_
9-18	777-780	the	person[63]	new[63]	_	_
9-19	781-787	holder	person[63]	new[63]	_	_
9-20	788-790	of	person[63]	new[63]	_	_
9-21	791-794	two	person[63]|abstract[64]	new[63]|new[64]	_	_
9-22	795-803	prebends	person[63]|abstract[64]	new[63]|new[64]	_	_
9-23	804-806	at	person[63]|abstract[64]	new[63]|new[64]	_	_
9-24	807-809	St	person[63]|abstract[64]|person[65]|place[66]	new[63]|new[64]|new[65]|new[66]	_	_
9-25	810-815	Asaph	person[63]|abstract[64]|person[65]|place[66]	new[63]|new[64]|new[65]|new[66]	_	_
9-26	816-825	Cathedral	person[63]|abstract[64]|place[66]	new[63]|new[64]|new[66]	_	_
9-27	826-827	.	_	_	_	_

#Text=After further study , he obtained degrees of B. Th . on 19 February 1583 and D. Th . on 11 April 1583 .
10-1	828-833	After	_	_	_	_
10-2	834-841	further	abstract[67]	new[67]	_	_
10-3	842-847	study	abstract[67]	new[67]	_	_
10-4	848-849	,	_	_	_	_
10-5	850-852	he	person	giv	ana	11-1
10-6	853-861	obtained	_	_	_	_
10-7	862-869	degrees	abstract[69]	new[69]	_	_
10-8	870-872	of	abstract[69]	new[69]	_	_
10-9	873-875	B.	abstract[69]|person	new[69]|new	_	_
10-10	876-878	Th	abstract[69]	new[69]	_	_
10-11	879-880	.	abstract[69]	new[69]	_	_
10-12	881-883	on	abstract[69]	new[69]	_	_
10-13	884-886	19	abstract[69]|time[71]	new[69]|new[71]	_	_
10-14	887-895	February	abstract[69]|time[71]|time	new[69]|new[71]|new	_	_
10-15	896-900	1583	abstract[69]|time[71]|time	new[69]|new[71]|new	coref	10-23
10-16	901-904	and	abstract[69]	new[69]	_	_
10-17	905-907	D.	abstract[69]|person	new[69]|new	_	_
10-18	908-910	Th	abstract[69]	new[69]	_	_
10-19	911-912	.	_	_	_	_
10-20	913-915	on	_	_	_	_
10-21	916-918	11	time[75]	new[75]	_	_
10-22	919-924	April	time[75]|time	new[75]|new	_	_
10-23	925-929	1583	time[75]|time	new[75]|giv	_	_
10-24	930-931	.	_	_	_	_

#Text=He was then private chaplain to Sir Henry Sidney , president of the Council in the marches of Wales , from about 1584 to 1586 .
11-1	932-934	He	person	giv	coref	11-4[79_0]
11-2	935-938	was	_	_	_	_
11-3	939-943	then	_	_	_	_
11-4	944-951	private	person[79]	giv[79]	coref	11-7[80_79]
11-5	952-960	chaplain	person[79]	giv[79]	_	_
11-6	961-963	to	person[79]	giv[79]	_	_
11-7	964-967	Sir	person[79]|person[80]	giv[79]|giv[80]	appos	11-11[81_80]
11-8	968-973	Henry	person[79]|person[80]	giv[79]|giv[80]	_	_
11-9	974-980	Sidney	person[79]|person[80]	giv[79]|giv[80]	_	_
11-10	981-982	,	person[79]	giv[79]	_	_
11-11	983-992	president	person[79]|person[81]	giv[79]|giv[81]	ana	12-1[0_81]
11-12	993-995	of	person[79]|person[81]	giv[79]|giv[81]	_	_
11-13	996-999	the	person[79]|person[81]|organization[82]	giv[79]|giv[81]|new[82]	coref	17-3[112_82]
11-14	1000-1007	Council	person[79]|person[81]|organization[82]	giv[79]|giv[81]|new[82]	_	_
11-15	1008-1010	in	person[79]|person[81]|organization[82]	giv[79]|giv[81]|new[82]	_	_
11-16	1011-1014	the	person[79]|person[81]|organization[82]|event[83]	giv[79]|giv[81]|new[82]|new[83]	_	_
11-17	1015-1022	marches	person[79]|person[81]|organization[82]|event[83]	giv[79]|giv[81]|new[82]|new[83]	_	_
11-18	1023-1025	of	person[79]|person[81]|organization[82]|event[83]	giv[79]|giv[81]|new[82]|new[83]	_	_
11-19	1026-1031	Wales	person[79]|person[81]|organization[82]|event[83]|place	giv[79]|giv[81]|new[82]|new[83]|giv	coref	15-19
11-20	1032-1033	,	person[79]	giv[79]	_	_
11-21	1034-1038	from	person[79]	giv[79]	_	_
11-22	1039-1044	about	person[79]|time[85]	giv[79]|giv[85]	coref	21-5[0_85]
11-23	1045-1049	1584	person[79]|time[85]	giv[79]|giv[85]	_	_
11-24	1050-1052	to	person[79]|time[85]	giv[79]|giv[85]	_	_
11-25	1053-1057	1586	person[79]|time[85]|time	giv[79]|giv[85]|new	_	_
11-26	1058-1059	.	_	_	_	_

#Text=He died in 1598 in Ruabon , where he was buried . [ 1 ]
12-1	1060-1062	He	person	giv	ana	12-9
12-2	1063-1067	died	_	_	_	_
12-3	1068-1070	in	_	_	_	_
12-4	1071-1075	1598	time	giv	_	_
12-5	1076-1078	in	_	_	_	_
12-6	1079-1085	Ruabon	place[89]	giv[89]	_	_
12-7	1086-1087	,	place[89]	giv[89]	_	_
12-8	1088-1093	where	place[89]	giv[89]	_	_
12-9	1094-1096	he	place[89]|person	giv[89]|giv	coref	15-1
12-10	1097-1100	was	place[89]	giv[89]	_	_
12-11	1101-1107	buried	place[89]	giv[89]	_	_
12-12	1108-1109	.	_	_	_	_
12-13	1110-1111	[	_	_	_	_
12-14	1112-1113	1	abstract	giv	coref	17-18
12-15	1114-1115	]	_	_	_	_

#Text=One of his sons was Gabriel Powell , also a clergyman , and a strident anti- Catholic . [ 2 ]
13-1	1116-1119	One	person[92]	new[92]	ana	13-3[0_92]
13-2	1120-1122	of	person[92]	new[92]	_	_
13-3	1123-1126	his	person[92]|person|person[94]	new[92]|giv|giv[94]	coref|coref	13-3[94_0]|13-6[95_94]
13-4	1127-1131	sons	person[92]|person[94]	new[92]|giv[94]	_	_
13-5	1132-1135	was	_	_	_	_
13-6	1136-1143	Gabriel	person[95]	giv[95]	appos	13-10[96_95]
13-7	1144-1150	Powell	person[95]	giv[95]	_	_
13-8	1151-1152	,	_	_	_	_
13-9	1153-1157	also	_	_	_	_
13-10	1158-1159	a	person[96]|person[97]	giv[96]|giv[97]	appos|appos	13-10[97_96]|13-14[98_97]
13-11	1160-1169	clergyman	person[96]|person[97]	giv[96]|giv[97]	_	_
13-12	1170-1171	,	person[97]	giv[97]	_	_
13-13	1172-1175	and	person[97]	giv[97]	_	_
13-14	1176-1177	a	person[97]|person[98]	giv[97]|giv[98]	_	_
13-15	1178-1186	strident	person[97]|person[98]	giv[97]|giv[98]	_	_
13-16	1187-1192	anti-	person[97]|person[98]	giv[97]|giv[98]	_	_
13-17	1193-1201	Catholic	person[97]|person[98]	giv[97]|giv[98]	_	_
13-18	1202-1203	.	_	_	_	_
13-19	1204-1205	[	_	_	_	_
13-20	1206-1207	2	abstract	new	_	_
13-21	1208-1209	]	_	_	_	_

#Text=Works
14-1	1210-1215	Works	_	_	_	_

#Text=Powel made a significant contribution to developing and preserving Welsh culture and to the growth of Protestantism in Wales .
15-1	1216-1221	Powel	person	giv	coref	19-4
15-2	1222-1226	made	_	_	_	_
15-3	1227-1228	a	abstract[101]	new[101]	_	_
15-4	1229-1240	significant	abstract[101]	new[101]	_	_
15-5	1241-1253	contribution	abstract[101]	new[101]	_	_
15-6	1254-1256	to	abstract[101]	new[101]	_	_
15-7	1257-1267	developing	abstract[101]	new[101]	_	_
15-8	1268-1271	and	abstract[101]	new[101]	_	_
15-9	1272-1282	preserving	abstract[101]	new[101]	_	_
15-10	1283-1288	Welsh	abstract[101]|abstract[102]	new[101]|new[102]	_	_
15-11	1289-1296	culture	abstract[101]|abstract[102]	new[101]|new[102]	_	_
15-12	1297-1300	and	_	_	_	_
15-13	1301-1303	to	_	_	_	_
15-14	1304-1307	the	_	_	_	_
15-15	1308-1314	growth	_	_	_	_
15-16	1315-1317	of	_	_	_	_
15-17	1318-1331	Protestantism	person	new	ana	16-1
15-18	1332-1334	in	_	_	_	_
15-19	1335-1340	Wales	place	giv	coref	17-15
15-20	1341-1342	.	_	_	_	_

#Text=He was a supporter of William Morgan 's efforts to translate the Bible into Welsh .
16-1	1343-1345	He	person	giv	coref	16-3[106_0]
16-2	1346-1349	was	_	_	_	_
16-3	1350-1351	a	person[106]	giv[106]	ana	17-1[0_106]
16-4	1352-1361	supporter	person[106]	giv[106]	_	_
16-5	1362-1364	of	person[106]	giv[106]	_	_
16-6	1365-1372	William	person[106]|person[107]|abstract[108]	giv[106]|new[107]|new[108]	_	_
16-7	1373-1379	Morgan	person[106]|person[107]|abstract[108]	giv[106]|new[107]|new[108]	_	_
16-8	1380-1382	's	person[106]|person[107]|abstract[108]	giv[106]|new[107]|new[108]	_	_
16-9	1383-1390	efforts	person[106]|abstract[108]	giv[106]|new[108]	_	_
16-10	1391-1393	to	person[106]|abstract[108]	giv[106]|new[108]	_	_
16-11	1394-1403	translate	person[106]|abstract[108]	giv[106]|new[108]	_	_
16-12	1404-1407	the	person[106]|abstract[108]|abstract[109]	giv[106]|new[108]|new[109]	_	_
16-13	1408-1413	Bible	person[106]|abstract[108]|abstract[109]	giv[106]|new[108]|new[109]	_	_
16-14	1414-1418	into	person[106]|abstract[108]	giv[106]|new[108]	_	_
16-15	1419-1424	Welsh	person[106]|abstract[108]|abstract	giv[106]|new[108]|new	_	_
16-16	1425-1426	.	_	_	_	_

#Text=He kept the Privy Council informed about illegal books circulating amongst Roman Catholics in Wales . [ 1 ]
17-1	1427-1429	He	person	giv	ana	18-1
17-2	1430-1434	kept	_	_	_	_
17-3	1435-1438	the	organization[112]	giv[112]	_	_
17-4	1439-1444	Privy	organization[112]	giv[112]	_	_
17-5	1445-1452	Council	organization[112]	giv[112]	_	_
17-6	1453-1461	informed	_	_	_	_
17-7	1462-1467	about	_	_	_	_
17-8	1468-1475	illegal	object[113]	new[113]	_	_
17-9	1476-1481	books	object[113]	new[113]	_	_
17-10	1482-1493	circulating	object[113]	new[113]	_	_
17-11	1494-1501	amongst	object[113]	new[113]	_	_
17-12	1502-1507	Roman	object[113]|person[114]	new[113]|new[114]	_	_
17-13	1508-1517	Catholics	object[113]|person[114]	new[113]|new[114]	_	_
17-14	1518-1520	in	object[113]	new[113]	_	_
17-15	1521-1526	Wales	object[113]|place	new[113]|giv	coref	21-14
17-16	1527-1528	.	_	_	_	_
17-17	1529-1530	[	_	_	_	_
17-18	1531-1532	1	abstract	giv	coref	21-25
17-19	1533-1534	]	_	_	_	_

#Text=He was a respected scholar and was associated with geographers such as John Dee and Richard Hakluyt .
18-1	1535-1537	He	person	giv	coref	18-3[118_0]
18-2	1538-1541	was	_	_	_	_
18-3	1542-1543	a	person[118]	giv[118]	_	_
18-4	1544-1553	respected	person[118]	giv[118]	_	_
18-5	1554-1561	scholar	person[118]	giv[118]	_	_
18-6	1562-1565	and	_	_	_	_
18-7	1566-1569	was	_	_	_	_
18-8	1570-1580	associated	_	_	_	_
18-9	1581-1585	with	_	_	_	_
18-10	1586-1597	geographers	person[119]	new[119]	_	_
18-11	1598-1602	such	person[119]	new[119]	_	_
18-12	1603-1605	as	person[119]	new[119]	_	_
18-13	1606-1610	John	person[119]|person[120]	new[119]|new[120]	coref	19-29[129_120]
18-14	1611-1614	Dee	person[119]|person[120]	new[119]|new[120]	_	_
18-15	1615-1618	and	person[119]	new[119]	_	_
18-16	1619-1626	Richard	person[119]|person[121]	new[119]|new[121]	coref	23-33[165_121]
18-17	1627-1634	Hakluyt	person[119]|person[121]	new[119]|new[121]	_	_
18-18	1635-1636	.	_	_	_	_

#Text=In 1573 , Powel took over the task of preparing for publication an English translation ( by Humphrey Llwyd ) of some medieval Welsh chronicles , upon which John Dee had been working before leaving England .
19-1	1637-1639	In	_	_	_	_
19-2	1640-1644	1573	time	giv	_	_
19-3	1645-1646	,	_	_	_	_
19-4	1647-1652	Powel	person	giv	coref	20-1
19-5	1653-1657	took	_	_	_	_
19-6	1658-1662	over	_	_	_	_
19-7	1663-1666	the	abstract[124]	new[124]	_	_
19-8	1667-1671	task	abstract[124]	new[124]	_	_
19-9	1672-1674	of	abstract[124]	new[124]	_	_
19-10	1675-1684	preparing	abstract[124]	new[124]	_	_
19-11	1685-1688	for	abstract[124]	new[124]	_	_
19-12	1689-1700	publication	abstract[124]|abstract	new[124]|new	coref	21-1[144_0]
19-13	1701-1703	an	abstract[124]|abstract[126]	new[124]|new[126]	_	_
19-14	1704-1711	English	abstract[124]|abstract[126]	new[124]|new[126]	_	_
19-15	1712-1723	translation	abstract[124]|abstract[126]	new[124]|new[126]	_	_
19-16	1724-1725	(	abstract[124]|abstract[126]	new[124]|new[126]	_	_
19-17	1726-1728	by	abstract[124]|abstract[126]	new[124]|new[126]	_	_
19-18	1729-1737	Humphrey	abstract[124]|abstract[126]|person[127]	new[124]|new[126]|new[127]	coref	20-3[132_127]
19-19	1738-1743	Llwyd	abstract[124]|abstract[126]|person[127]	new[124]|new[126]|new[127]	_	_
19-20	1744-1745	)	abstract[124]|abstract[126]	new[124]|new[126]	_	_
19-21	1746-1748	of	abstract[124]|abstract[126]	new[124]|new[126]	_	_
19-22	1749-1753	some	abstract[124]|abstract[126]|abstract[128]	new[124]|new[126]|new[128]	_	_
19-23	1754-1762	medieval	abstract[124]|abstract[126]|abstract[128]	new[124]|new[126]|new[128]	_	_
19-24	1763-1768	Welsh	abstract[124]|abstract[126]|abstract[128]	new[124]|new[126]|new[128]	_	_
19-25	1769-1779	chronicles	abstract[124]|abstract[126]|abstract[128]	new[124]|new[126]|new[128]	_	_
19-26	1780-1781	,	abstract[124]|abstract[126]|abstract[128]	new[124]|new[126]|new[128]	_	_
19-27	1782-1786	upon	abstract[124]|abstract[126]|abstract[128]	new[124]|new[126]|new[128]	_	_
19-28	1787-1792	which	abstract[124]|abstract[126]|abstract[128]	new[124]|new[126]|new[128]	_	_
19-29	1793-1797	John	abstract[124]|abstract[126]|abstract[128]|person[129]	new[124]|new[126]|new[128]|giv[129]	coref	26-7[192_129]
19-30	1798-1801	Dee	abstract[124]|abstract[126]|abstract[128]|person[129]	new[124]|new[126]|new[128]|giv[129]	_	_
19-31	1802-1805	had	abstract[124]|abstract[126]|abstract[128]	new[124]|new[126]|new[128]	_	_
19-32	1806-1810	been	abstract[124]|abstract[126]|abstract[128]	new[124]|new[126]|new[128]	_	_
19-33	1811-1818	working	abstract[124]|abstract[126]|abstract[128]	new[124]|new[126]|new[128]	_	_
19-34	1819-1825	before	_	_	_	_
19-35	1826-1833	leaving	_	_	_	_
19-36	1834-1841	England	place	giv	_	_
19-37	1842-1843	.	_	_	_	_

#Text=Powel expanded Llwyd 's work in its scope and detail , with the help of Lord Burghley providing access to some further documents , making his own contributions clear by typographical distinctions .
20-1	1844-1849	Powel	person	giv	coref	24-1
20-2	1850-1858	expanded	_	_	_	_
20-3	1859-1864	Llwyd	person[132]|abstract[133]	giv[132]|new[133]	ana	20-7[0_133]
20-4	1865-1867	's	person[132]|abstract[133]	giv[132]|new[133]	_	_
20-5	1868-1872	work	abstract[133]	new[133]	_	_
20-6	1873-1875	in	_	_	_	_
20-7	1876-1879	its	abstract|abstract[135]	giv|new[135]	coref	22-1[152_0]
20-8	1880-1885	scope	abstract[135]	new[135]	_	_
20-9	1886-1889	and	_	_	_	_
20-10	1890-1896	detail	abstract	new	_	_
20-11	1897-1898	,	_	_	_	_
20-12	1899-1903	with	_	_	_	_
20-13	1904-1907	the	abstract[137]	new[137]	_	_
20-14	1908-1912	help	abstract[137]	new[137]	_	_
20-15	1913-1915	of	abstract[137]	new[137]	_	_
20-16	1916-1920	Lord	abstract[137]|person[138]	new[137]|new[138]	ana	20-26[0_138]
20-17	1921-1929	Burghley	abstract[137]|person[138]	new[137]|new[138]	_	_
20-18	1930-1939	providing	abstract[137]	new[137]	_	_
20-19	1940-1946	access	abstract[137]|abstract[139]	new[137]|new[139]	_	_
20-20	1947-1949	to	abstract[137]|abstract[139]	new[137]|new[139]	_	_
20-21	1950-1954	some	abstract[137]|abstract[139]|abstract[140]	new[137]|new[139]|new[140]	_	_
20-22	1955-1962	further	abstract[137]|abstract[139]|abstract[140]	new[137]|new[139]|new[140]	_	_
20-23	1963-1972	documents	abstract[137]|abstract[139]|abstract[140]	new[137]|new[139]|new[140]	_	_
20-24	1973-1974	,	_	_	_	_
20-25	1975-1981	making	_	_	_	_
20-26	1982-1985	his	person|abstract[142]	giv|new[142]	_	_
20-27	1986-1989	own	abstract[142]	new[142]	_	_
20-28	1990-2003	contributions	abstract[142]	new[142]	_	_
20-29	2004-2009	clear	_	_	_	_
20-30	2010-2012	by	_	_	_	_
20-31	2013-2026	typographical	abstract[143]	new[143]	_	_
20-32	2027-2039	distinctions	abstract[143]	new[143]	_	_
20-33	2040-2041	.	_	_	_	_

#Text=The resulting publication in 1584 , The Historie of Cambria , now called Wales , was the first printed history of Wales . [ 1 ]
21-1	2042-2045	The	abstract[144]	giv[144]	coref	21-17[149_144]
21-2	2046-2055	resulting	abstract[144]	giv[144]	_	_
21-3	2056-2067	publication	abstract[144]	giv[144]	_	_
21-4	2068-2070	in	abstract[144]	giv[144]	_	_
21-5	2071-2075	1584	abstract[144]|time	giv[144]|giv	_	_
21-6	2076-2077	,	_	_	_	_
21-7	2078-2081	The	abstract[146]	new[146]	_	_
21-8	2082-2090	Historie	abstract[146]	new[146]	_	_
21-9	2091-2093	of	abstract[146]	new[146]	_	_
21-10	2094-2101	Cambria	abstract[146]|person	new[146]|new	_	_
21-11	2102-2103	,	abstract[146]	new[146]	_	_
21-12	2104-2107	now	abstract[146]	new[146]	_	_
21-13	2108-2114	called	abstract[146]	new[146]	_	_
21-14	2115-2120	Wales	abstract[146]|place	new[146]|giv	coref	21-22
21-15	2121-2122	,	_	_	_	_
21-16	2123-2126	was	_	_	_	_
21-17	2127-2130	the	abstract[149]	giv[149]	coref	22-8[154_149]
21-18	2131-2136	first	abstract[149]	giv[149]	_	_
21-19	2137-2144	printed	abstract[149]	giv[149]	_	_
21-20	2145-2152	history	abstract[149]	giv[149]	_	_
21-21	2153-2155	of	abstract[149]	giv[149]	_	_
21-22	2156-2161	Wales	abstract[149]|place	giv[149]|giv	coref	24-18[176_0]
21-23	2162-2163	.	_	_	_	_
21-24	2164-2165	[	_	_	_	_
21-25	2166-2167	1	abstract	giv	coref	23-42
21-26	2168-2169	]	_	_	_	_

#Text=The work remained an important source for medieval Welsh history for several centuries thereafter .
22-1	2170-2173	The	abstract[152]	giv[152]	_	_
22-2	2174-2178	work	abstract[152]	giv[152]	_	_
22-3	2179-2187	remained	_	_	_	_
22-4	2188-2190	an	abstract[153]	new[153]	_	_
22-5	2191-2200	important	abstract[153]	new[153]	_	_
22-6	2201-2207	source	abstract[153]	new[153]	_	_
22-7	2208-2211	for	abstract[153]	new[153]	_	_
22-8	2212-2220	medieval	abstract[153]|abstract[154]	new[153]|giv[154]	ana	23-1[0_154]
22-9	2221-2226	Welsh	abstract[153]|abstract[154]	new[153]|giv[154]	_	_
22-10	2227-2234	history	abstract[153]|abstract[154]	new[153]|giv[154]	_	_
22-11	2235-2238	for	_	_	_	_
22-12	2239-2246	several	time[155]	new[155]	_	_
22-13	2247-2256	centuries	time[155]	new[155]	_	_
22-14	2257-2267	thereafter	_	_	_	_
22-15	2268-2269	.	_	_	_	_

#Text=It also popularised the legend that Prince Madoc had discovered America in about 1170 , a tale used to justify English encroachments on the territory of Spanish America ( for example in Hakluyt 's Discourse on Western Planting ) . [ 1 ]
23-1	2270-2272	It	abstract	giv	_	_
23-2	2273-2277	also	_	_	_	_
23-3	2278-2289	popularised	_	_	_	_
23-4	2290-2293	the	abstract[157]	new[157]	appos	23-16[161_157]
23-5	2294-2300	legend	abstract[157]	new[157]	_	_
23-6	2301-2305	that	abstract[157]	new[157]	_	_
23-7	2306-2312	Prince	abstract[157]|person[158]	new[157]|new[158]	_	_
23-8	2313-2318	Madoc	abstract[157]|person[158]	new[157]|new[158]	_	_
23-9	2319-2322	had	abstract[157]	new[157]	_	_
23-10	2323-2333	discovered	abstract[157]	new[157]	_	_
23-11	2334-2341	America	abstract[157]|place	new[157]|new	coref	23-27[164_0]
23-12	2342-2344	in	abstract[157]	new[157]	_	_
23-13	2345-2350	about	abstract[157]|time[160]	new[157]|new[160]	_	_
23-14	2351-2355	1170	abstract[157]|time[160]	new[157]|new[160]	_	_
23-15	2356-2357	,	_	_	_	_
23-16	2358-2359	a	abstract[161]	giv[161]	_	_
23-17	2360-2364	tale	abstract[161]	giv[161]	_	_
23-18	2365-2369	used	abstract[161]	giv[161]	_	_
23-19	2370-2372	to	abstract[161]	giv[161]	_	_
23-20	2373-2380	justify	abstract[161]	giv[161]	_	_
23-21	2381-2388	English	abstract[161]|abstract[162]	giv[161]|new[162]	_	_
23-22	2389-2402	encroachments	abstract[161]|abstract[162]	giv[161]|new[162]	_	_
23-23	2403-2405	on	abstract[161]|abstract[162]	giv[161]|new[162]	_	_
23-24	2406-2409	the	abstract[161]|abstract[162]|place[163]	giv[161]|new[162]|new[163]	_	_
23-25	2410-2419	territory	abstract[161]|abstract[162]|place[163]	giv[161]|new[162]|new[163]	_	_
23-26	2420-2422	of	abstract[161]|abstract[162]|place[163]	giv[161]|new[162]|new[163]	_	_
23-27	2423-2430	Spanish	abstract[161]|abstract[162]|place[163]|place[164]	giv[161]|new[162]|new[163]|giv[164]	_	_
23-28	2431-2438	America	abstract[161]|abstract[162]|place[163]|place[164]	giv[161]|new[162]|new[163]|giv[164]	_	_
23-29	2439-2440	(	_	_	_	_
23-30	2441-2444	for	_	_	_	_
23-31	2445-2452	example	abstract[166]	new[166]	_	_
23-32	2453-2455	in	abstract[166]	new[166]	_	_
23-33	2456-2463	Hakluyt	person[165]|abstract[166]	giv[165]|new[166]	_	_
23-34	2464-2466	's	person[165]|abstract[166]	giv[165]|new[166]	_	_
23-35	2467-2476	Discourse	abstract[166]	new[166]	_	_
23-36	2477-2479	on	abstract[166]	new[166]	_	_
23-37	2480-2487	Western	abstract[166]|abstract[167]	new[166]|new[167]	_	_
23-38	2488-2496	Planting	abstract[166]|abstract[167]	new[166]|new[167]	_	_
23-39	2497-2498	)	_	_	_	_
23-40	2499-2500	.	_	_	_	_
23-41	2501-2502	[	_	_	_	_
23-42	2503-2504	1	abstract	giv	coref	26-23
23-43	2505-2506	]	_	_	_	_

#Text=Powel also published a volume with editions of Ponticus Virunnius 's Historia Britannica , and Gerald of Wales 's Itinerarium Cambriae ( ' Journey through Wales ' , 1191 ) and Descriptio Cambriae ( ' Description of Wales ' , 1194 ) , but omitted Gerald 's negative comments about the Welsh .
24-1	2507-2512	Powel	person	giv	coref	25-6
24-2	2513-2517	also	_	_	_	_
24-3	2518-2527	published	_	_	_	_
24-4	2528-2529	a	abstract[170]	new[170]	coref	25-1[189_170]
24-5	2530-2536	volume	abstract[170]	new[170]	_	_
24-6	2537-2541	with	abstract[170]	new[170]	_	_
24-7	2542-2550	editions	abstract[170]|abstract[171]	new[170]|new[171]	_	_
24-8	2551-2553	of	abstract[170]|abstract[171]	new[170]|new[171]	_	_
24-9	2554-2562	Ponticus	abstract[170]|abstract[171]|person[172]|abstract[173]	new[170]|new[171]|new[172]|new[173]	_	_
24-10	2563-2572	Virunnius	abstract[170]|abstract[171]|person[172]|abstract[173]	new[170]|new[171]|new[172]|new[173]	_	_
24-11	2573-2575	's	abstract[170]|abstract[171]|person[172]|abstract[173]	new[170]|new[171]|new[172]|new[173]	_	_
24-12	2576-2584	Historia	abstract[170]|abstract[171]|abstract[173]	new[170]|new[171]|new[173]	_	_
24-13	2585-2595	Britannica	abstract[170]|abstract[171]|place	new[170]|new[171]|new	_	_
24-14	2596-2597	,	abstract[170]|abstract[171]	new[170]|new[171]	_	_
24-15	2598-2601	and	abstract[170]|abstract[171]	new[170]|new[171]	_	_
24-16	2602-2608	Gerald	abstract[170]|abstract[171]|person[175]|abstract[177]|object[178]	new[170]|new[171]|new[175]|new[177]|new[178]	appos|coref	24-23[179_177]|24-46[186_175]
24-17	2609-2611	of	abstract[170]|abstract[171]|person[175]|abstract[177]|object[178]	new[170]|new[171]|new[175]|new[177]|new[178]	_	_
24-18	2612-2617	Wales	abstract[170]|abstract[171]|person[175]|place[176]|abstract[177]|object[178]	new[170]|new[171]|new[175]|giv[176]|new[177]|new[178]	coref	24-26[0_176]
24-19	2618-2620	's	abstract[170]|abstract[171]|person[175]|place[176]|abstract[177]|object[178]	new[170]|new[171]|new[175]|giv[176]|new[177]|new[178]	_	_
24-20	2621-2632	Itinerarium	abstract[170]|abstract[171]|abstract[177]|object[178]	new[170]|new[171]|new[177]|new[178]	_	_
24-21	2633-2641	Cambriae	abstract[170]|abstract[171]|object[178]	new[170]|new[171]|new[178]	_	_
24-22	2642-2643	(	_	_	_	_
24-23	2644-2645	'	abstract[179]	giv[179]	_	_
24-24	2646-2653	Journey	abstract[179]	giv[179]	_	_
24-25	2654-2661	through	abstract[179]	giv[179]	_	_
24-26	2662-2667	Wales	abstract[179]|place	giv[179]|giv	coref	24-38
24-27	2668-2669	'	abstract[179]	giv[179]	_	_
24-28	2670-2671	,	abstract[179]	giv[179]	_	_
24-29	2672-2676	1191	abstract[179]|time	giv[179]|new	_	_
24-30	2677-2678	)	_	_	_	_
24-31	2679-2682	and	_	_	_	_
24-32	2683-2693	Descriptio	abstract[182]	new[182]	_	_
24-33	2694-2702	Cambriae	abstract[182]	new[182]	_	_
24-34	2703-2704	(	_	_	_	_
24-35	2705-2706	'	abstract[183]	new[183]	_	_
24-36	2707-2718	Description	abstract[183]	new[183]	_	_
24-37	2719-2721	of	abstract[183]	new[183]	_	_
24-38	2722-2727	Wales	abstract[183]|place	new[183]|giv	_	_
24-39	2728-2729	'	abstract[183]	new[183]	_	_
24-40	2730-2731	,	abstract[183]	new[183]	_	_
24-41	2732-2736	1194	abstract[183]|time	new[183]|new	_	_
24-42	2737-2738	)	_	_	_	_
24-43	2739-2740	,	_	_	_	_
24-44	2741-2744	but	_	_	_	_
24-45	2745-2752	omitted	_	_	_	_
24-46	2753-2759	Gerald	person[186]|abstract[187]	giv[186]|new[187]	_	_
24-47	2760-2762	's	person[186]|abstract[187]	giv[186]|new[187]	_	_
24-48	2763-2771	negative	abstract[187]	new[187]	_	_
24-49	2772-2780	comments	abstract[187]	new[187]	_	_
24-50	2781-2786	about	abstract[187]	new[187]	_	_
24-51	2787-2790	the	abstract[187]|person[188]	new[187]|new[188]	_	_
24-52	2791-2796	Welsh	abstract[187]|person[188]	new[187]|new[188]	_	_
24-53	2797-2798	.	_	_	_	_

#Text=The volume was dedicated to Sidney .
25-1	2799-2802	The	abstract[189]	giv[189]	_	_
25-2	2803-2809	volume	abstract[189]	giv[189]	_	_
25-3	2810-2813	was	_	_	_	_
25-4	2814-2823	dedicated	_	_	_	_
25-5	2824-2826	to	_	_	_	_
25-6	2827-2833	Sidney	person	giv	ana	26-1
25-7	2834-2835	.	_	_	_	_

#Text=He is also said ( by the later lexicographer John Davies ) to have worked on an unpublished Welsh dictionary . [ 1 ]
26-1	2836-2838	He	person	giv	_	_
26-2	2839-2841	is	_	_	_	_
26-3	2842-2846	also	_	_	_	_
26-4	2847-2851	said	_	_	_	_
26-5	2852-2853	(	_	_	_	_
26-6	2854-2856	by	_	_	_	_
26-7	2857-2860	the	person[192]	giv[192]	_	_
26-8	2861-2866	later	person[192]	giv[192]	_	_
26-9	2867-2880	lexicographer	person[192]	giv[192]	_	_
26-10	2881-2885	John	person[192]	giv[192]	_	_
26-11	2886-2892	Davies	person[192]	giv[192]	_	_
26-12	2893-2894	)	_	_	_	_
26-13	2895-2897	to	_	_	_	_
26-14	2898-2902	have	_	_	_	_
26-15	2903-2909	worked	_	_	_	_
26-16	2910-2912	on	_	_	_	_
26-17	2913-2915	an	abstract[193]	new[193]	_	_
26-18	2916-2927	unpublished	abstract[193]	new[193]	_	_
26-19	2928-2933	Welsh	abstract[193]	new[193]	_	_
26-20	2934-2944	dictionary	abstract[193]	new[193]	_	_
26-21	2945-2946	.	_	_	_	_
26-22	2947-2948	[	_	_	_	_
26-23	2949-2950	1	abstract	giv	_	_
26-24	2951-2952	]	_	_	_	_
