#FORMAT=WebAnno TSV 3.2
#T_SP=webanno.custom.Referent|entity|infstat
#T_RL=webanno.custom.Coref|type|BT_webanno.custom.Referent


#Text=Wikinews interviews Australian Paralympic wheelchair basketballer Shelley
1-1	0-8	Wikinews	organization	new	coref	4-1
1-2	9-19	interviews	event	new	coref|none	6-3[19_0]|1-2[0_25]
1-3	20-30	Australian	person[3]	new[3]	coref	7-8[23_3]
1-4	31-41	Paralympic	person[3]	new[3]	_	_
1-5	42-52	wheelchair	object|person[3]	new|new[3]	coref	7-10
1-6	53-65	basketballer	person[3]	new[3]	_	_
1-7	66-73	Shelley	person[3]	new[3]	_	_

#Text=Chaplin
2-1	74-81	Chaplin	person	new	_	_

#Text=This article mentions the Wikimedia Foundation , one of its projects , or people related to it .
3-1	82-86	This	abstract[5]	new[5]	_	_
3-2	87-94	article	abstract[5]	new[5]	_	_
3-3	95-103	mentions	_	_	_	_
3-4	104-107	the	organization[6]	new[6]	ana	3-10[0_6]
3-5	108-117	Wikimedia	organization[6]	new[6]	_	_
3-6	118-128	Foundation	organization[6]	new[6]	_	_
3-7	129-130	,	_	_	_	_
3-8	131-134	one	abstract[7]	new[7]	_	_
3-9	135-137	of	abstract[7]	new[7]	_	_
3-10	138-141	its	abstract[7]|organization|abstract[9]	new[7]|giv|new[9]	ana|ana	3-17|3-17
3-11	142-150	projects	abstract[7]|abstract[9]	new[7]|new[9]	_	_
3-12	151-152	,	_	_	_	_
3-13	153-155	or	_	_	_	_
3-14	156-162	people	person	new	coref	19-4
3-15	163-170	related	_	_	_	_
3-16	171-173	to	_	_	_	_
3-17	174-176	it	organization	giv	coref	4-6[14_0]
3-18	177-178	.	_	_	_	_

#Text=Wikinews is a project of the Wikimedia Foundation .
4-1	179-187	Wikinews	organization	giv	coref	4-3[13_0]
4-2	188-190	is	_	_	_	_
4-3	191-192	a	organization[13]	giv[13]	coref	7-3[0_13]
4-4	193-200	project	organization[13]	giv[13]	_	_
4-5	201-203	of	organization[13]	giv[13]	_	_
4-6	204-207	the	organization[13]|organization[14]	giv[13]|giv[14]	_	_
4-7	208-217	Wikimedia	organization[13]|organization[14]	giv[13]|giv[14]	_	_
4-8	218-228	Foundation	organization[13]|organization[14]	giv[13]|giv[14]	_	_
4-9	229-230	.	_	_	_	_

#Text=Friday , January 4 , 2013
5-1	231-237	Friday	time	new	appos	5-3[17_0]
5-2	238-239	,	_	_	_	_
5-3	240-247	January	time|time[17]	new|giv[17]	ana|ana	14-4[0_17]|14-4[0_17]
5-4	248-249	4	time[17]	giv[17]	_	_
5-5	250-251	,	time[17]	giv[17]	_	_
5-6	252-256	2013	time[17]|time	giv[17]|new	_	_

#Text=Listen to this interview .
6-1	257-263	Listen	_	_	_	_
6-2	264-266	to	_	_	_	_
6-3	267-271	this	event[19]	new[19]	coref	8-2[25_19]
6-4	272-281	interview	event[19]	new[19]	_	_
6-5	282-283	.	_	_	_	_

#Text=Recently , Wikinews spent time with with Australian Paralympic wheelchair basketballer Shelley Chaplin .
7-1	284-292	Recently	_	_	_	_
7-2	293-294	,	_	_	_	_
7-3	295-303	Wikinews	organization	giv	coref	8-3
7-4	304-309	spent	_	_	_	_
7-5	310-314	time	abstract	new	_	_
7-6	315-319	with	_	_	_	_
7-7	320-324	with	_	_	_	_
7-8	325-335	Australian	person[23]	giv[23]	coref	8-8[26_23]
7-9	336-346	Paralympic	person[23]	giv[23]	_	_
7-10	347-357	wheelchair	object|person[23]	giv|giv[23]	_	_
7-11	358-370	basketballer	person[23]	giv[23]	_	_
7-12	371-378	Shelley	person[23]	giv[23]	_	_
7-13	379-386	Chaplin	person[23]	giv[23]	_	_
7-14	387-388	.	_	_	_	_

#Text=( ( Wikinews ) ) Interview with Shelley Chaplin .
8-1	389-390	(	_	_	_	_
8-2	391-392	(	event[25]	giv[25]	_	_
8-3	393-401	Wikinews	organization|event[25]	giv|giv[25]	_	_
8-4	402-403	)	event[25]	giv[25]	_	_
8-5	404-405	)	event[25]	giv[25]	_	_
8-6	406-415	Interview	event[25]	giv[25]	_	_
8-7	416-420	with	event[25]	giv[25]	_	_
8-8	421-428	Shelley	event[25]|person[26]	giv[25]|giv[26]	coref	10-1[29_26]
8-9	429-436	Chaplin	event[25]|person[26]	giv[25]|giv[26]	_	_
8-10	437-438	.	_	_	_	_

#Text=First of all , what position do you play ?
9-1	439-444	First	_	_	_	_
9-2	445-447	of	_	_	_	_
9-3	448-451	all	_	_	_	_
9-4	452-453	,	_	_	_	_
9-5	454-458	what	abstract[27]	new[27]	_	_
9-6	459-467	position	abstract[27]	new[27]	_	_
9-7	468-470	do	_	_	_	_
9-8	471-474	you	person	acc	ana	16-17
9-9	475-479	play	_	_	_	_
9-10	480-481	?	_	_	_	_

#Text=Shelley Chaplin : Usually a point guard .
10-1	482-489	Shelley	person[29]	giv[29]	appos	10-4[31_29]
10-2	490-497	Chaplin	person[29]	giv[29]	_	_
10-3	498-499	:	_	_	_	_
10-4	500-507	Usually	person[31]	giv[31]	coref	13-26[46_31]
10-5	508-509	a	person[31]	giv[31]	_	_
10-6	510-515	point	abstract|person[31]	new|giv[31]	_	_
10-7	516-521	guard	person[31]	giv[31]	_	_
10-8	522-523	.	_	_	_	_

#Text=( ( WN ) ) Right .
11-1	524-525	(	_	_	_	_
11-2	526-527	(	_	_	_	_
11-3	528-530	WN	abstract	new	coref	16-3
11-4	531-532	)	_	_	_	_
11-5	533-534	)	_	_	_	_
11-6	535-540	Right	_	_	_	_
11-7	541-542	.	_	_	_	_

#Text=And whenever I go to see the basketball in Canberra , we pass by a glass case .
12-1	543-546	And	_	_	_	_
12-2	547-555	whenever	_	_	_	_
12-3	556-557	I	person	acc	ana	14-6
12-4	558-560	go	_	_	_	_
12-5	561-563	to	_	_	_	_
12-6	564-567	see	_	_	_	_
12-7	568-571	the	event[34]	new[34]	_	_
12-8	572-582	basketball	event[34]	new[34]	_	_
12-9	583-585	in	event[34]	new[34]	_	_
12-10	586-594	Canberra	event[34]|place	new[34]|new	_	_
12-11	595-596	,	_	_	_	_
12-12	597-599	we	person	acc	ana	20-9
12-13	600-604	pass	_	_	_	_
12-14	605-607	by	_	_	_	_
12-15	608-609	a	abstract[38]	new[38]	coref	13-2[39_38]
12-16	610-615	glass	object|abstract[38]	new|new[38]	coref	16-24[59_0]
12-17	616-620	case	abstract[38]	new[38]	_	_
12-18	621-622	.	_	_	_	_

#Text=In the case is a guernsey with number twelve on it , and a big sign that says that this was the guernsey worn by Shelley Chaplin ...
13-1	623-625	In	_	_	_	_
13-2	626-629	the	abstract[39]	giv[39]	ana	13-11[0_39]
13-3	630-634	case	abstract[39]	giv[39]	_	_
13-4	635-637	is	_	_	_	_
13-5	638-639	a	object[40]	new[40]	_	_
13-6	640-648	guernsey	object[40]	new[40]	_	_
13-7	649-653	with	object[40]	new[40]	_	_
13-8	654-660	number	object[40]|abstract[41]	new[40]|new[41]	_	_
13-9	661-667	twelve	object[40]|abstract[41]	new[40]|new[41]	_	_
13-10	668-670	on	object[40]|abstract[41]	new[40]|new[41]	_	_
13-11	671-673	it	object[40]|abstract[41]|abstract	new[40]|new[41]|giv	ana	13-20
13-12	674-675	,	_	_	_	_
13-13	676-679	and	_	_	_	_
13-14	680-681	a	object[43]	new[43]	_	_
13-15	682-685	big	object[43]	new[43]	_	_
13-16	686-690	sign	object[43]	new[43]	_	_
13-17	691-695	that	_	_	_	_
13-18	696-700	says	_	_	_	_
13-19	701-705	that	_	_	_	_
13-20	706-710	this	abstract	giv	coref	13-22[45_0]
13-21	711-714	was	_	_	_	_
13-22	715-718	the	abstract[45]	giv[45]	coref	20-12[0_45]
13-23	719-727	guernsey	abstract[45]	giv[45]	_	_
13-24	728-732	worn	_	_	_	_
13-25	733-735	by	_	_	_	_
13-26	736-743	Shelley	person[46]	giv[46]	coref	14-1[47_46]
13-27	744-751	Chaplin	person[46]	giv[46]	_	_
13-28	752-755	...	_	_	_	_

#Text=Shelley Chaplin : That 's me !
14-1	756-763	Shelley	person[47]	giv[47]	coref	18-1[61_47]
14-2	764-771	Chaplin	person[47]	giv[47]	_	_
14-3	772-773	:	_	_	_	_
14-4	774-778	That	time	giv	ana	15-1
14-5	779-781	's	_	_	_	_
14-6	782-784	me	person	giv	ana	15-3
14-7	785-786	!	_	_	_	_

#Text=That 's my ...
15-1	787-791	That	time	giv	ana	16-6
15-2	792-794	's	_	_	_	_
15-3	795-797	my	person	giv	ana	18-10
15-4	798-801	...	_	_	_	_

#Text=( ( WN ) ) It 's signed by the rest of the team , if you look — press your nose to the glass and look really close .
16-1	802-803	(	_	_	_	_
16-2	804-805	(	_	_	_	_
16-3	806-808	WN	abstract	giv	ana	25-1
16-4	809-810	)	_	_	_	_
16-5	811-812	)	_	_	_	_
16-6	813-815	It	time	giv	ana	17-3
16-7	816-818	's	_	_	_	_
16-8	819-825	signed	_	_	_	_
16-9	826-828	by	_	_	_	_
16-10	829-832	the	person[54]	new[54]	_	_
16-11	833-837	rest	person[54]	new[54]	_	_
16-12	838-840	of	person[54]	new[54]	_	_
16-13	841-844	the	person[54]|organization[55]	new[54]|new[55]	_	_
16-14	845-849	team	person[54]|organization[55]	new[54]|new[55]	_	_
16-15	850-851	,	_	_	_	_
16-16	852-854	if	_	_	_	_
16-17	855-858	you	person	giv	ana	16-21
16-18	859-863	look	_	_	_	_
16-19	864-865	—	_	_	_	_
16-20	866-871	press	_	_	_	_
16-21	872-876	your	person|object[58]	giv|new[58]	ana|ana	19-2|19-2
16-22	877-881	nose	object[58]	new[58]	_	_
16-23	882-884	to	_	_	_	_
16-24	885-888	the	object[59]	giv[59]	_	_
16-25	889-894	glass	object[59]	giv[59]	_	_
16-26	895-898	and	_	_	_	_
16-27	899-903	look	_	_	_	_
16-28	904-910	really	_	_	_	_
16-29	911-916	close	_	_	_	_
16-30	917-918	.	_	_	_	_

#Text=How did that come to be there ?
17-1	919-922	How	_	_	_	_
17-2	923-926	did	_	_	_	_
17-3	927-931	that	time	giv	ana	18-4
17-4	932-936	come	_	_	_	_
17-5	937-939	to	_	_	_	_
17-6	940-942	be	_	_	_	_
17-7	943-948	there	_	_	_	_
17-8	949-950	?	_	_	_	_

#Text=Shelley Chaplin : It 's actually the singlet that I wore in Beijing .
18-1	951-958	Shelley	person[61]	giv[61]	coref	23-1[78_61]
18-2	959-966	Chaplin	person[61]	giv[61]	_	_
18-3	967-968	:	_	_	_	_
18-4	969-971	It	object	giv	coref	18-6[63_0]
18-5	972-974	's	_	_	_	_
18-6	975-983	actually	object[63]	giv[63]	_	_
18-7	984-987	the	object[63]	giv[63]	_	_
18-8	988-995	singlet	object[63]	giv[63]	_	_
18-9	996-1000	that	_	_	_	_
18-10	1001-1002	I	person	giv	ana	21-1
18-11	1003-1007	wore	_	_	_	_
18-12	1008-1010	in	_	_	_	_
18-13	1011-1018	Beijing	place	new	coref	29-3[95_0]
18-14	1019-1020	.	_	_	_	_

#Text=Usually you get people to sign stuff .
19-1	1021-1028	Usually	_	_	_	_
19-2	1029-1032	you	person	giv	ana	31-7
19-3	1033-1036	get	_	_	_	_
19-4	1037-1043	people	person	giv	_	_
19-5	1044-1046	to	_	_	_	_
19-6	1047-1051	sign	_	_	_	_
19-7	1052-1057	stuff	object	new	coref	35-7[112_0]
19-8	1058-1059	.	_	_	_	_

#Text=Anyway , the AIS just asked everybody if we would donate something [ ... ] .
20-1	1060-1066	Anyway	_	_	_	_
20-2	1067-1068	,	_	_	_	_
20-3	1069-1072	the	organization[69]	new[69]	_	_
20-4	1073-1076	AIS	organization[69]	new[69]	_	_
20-5	1077-1081	just	_	_	_	_
20-6	1082-1087	asked	_	_	_	_
20-7	1088-1097	everybody	person	new	ana	21-12
20-8	1098-1100	if	_	_	_	_
20-9	1101-1103	we	person	giv	_	_
20-10	1104-1109	would	_	_	_	_
20-11	1110-1116	donate	_	_	_	_
20-12	1117-1126	something	abstract	giv	ana	21-5
20-13	1127-1128	[	_	_	_	_
20-14	1129-1132	...	_	_	_	_
20-15	1133-1134	]	_	_	_	_
20-16	1135-1136	.	_	_	_	_

#Text=I was n't using it so , yeah , I gave them that .
21-1	1137-1138	I	person	giv	ana	21-10
21-2	1139-1142	was	_	_	_	_
21-3	1143-1146	n't	_	_	_	_
21-4	1147-1152	using	_	_	_	_
21-5	1153-1155	it	abstract	giv	ana	21-13
21-6	1156-1158	so	_	_	_	_
21-7	1159-1160	,	_	_	_	_
21-8	1161-1165	yeah	_	_	_	_
21-9	1166-1167	,	_	_	_	_
21-10	1168-1169	I	person	giv	ana	23-4
21-11	1170-1174	gave	_	_	_	_
21-12	1175-1179	them	person	giv	ana	23-8
21-13	1180-1184	that	abstract	giv	ana	23-10
21-14	1185-1186	.	_	_	_	_

#Text=( ( WN ) ) Oh okay .
22-1	1187-1188	(	_	_	_	_
22-2	1189-1190	(	_	_	_	_
22-3	1191-1193	WN	_	_	_	_
22-4	1194-1195	)	_	_	_	_
22-5	1196-1197	)	_	_	_	_
22-6	1198-1200	Oh	_	_	_	_
22-7	1201-1205	okay	_	_	_	_
22-8	1206-1207	.	_	_	_	_

#Text=Shelley Chaplin : I do n't think they have it ...
23-1	1208-1215	Shelley	person[78]	giv[78]	coref	27-1[91_78]
23-2	1216-1223	Chaplin	person[78]	giv[78]	_	_
23-3	1224-1225	:	_	_	_	_
23-4	1226-1227	I	person	giv	ana	26-6
23-5	1228-1230	do	_	_	_	_
23-6	1231-1234	n't	_	_	_	_
23-7	1235-1240	think	_	_	_	_
23-8	1241-1245	they	person	giv	ana	31-2
23-9	1246-1250	have	_	_	_	_
23-10	1251-1253	it	abstract	giv	ana	24-1
23-11	1254-1257	...	_	_	_	_

#Text=It 's been there for a while now .
24-1	1258-1260	It	abstract	giv	coref	25-10[87_0]
24-2	1261-1263	's	_	_	_	_
24-3	1264-1268	been	_	_	_	_
24-4	1269-1274	there	_	_	_	_
24-5	1275-1278	for	_	_	_	_
24-6	1279-1280	a	_	_	_	_
24-7	1281-1286	while	_	_	_	_
24-8	1287-1290	now	_	_	_	_
24-9	1291-1292	.	_	_	_	_

#Text=It think that was a four year loan or something like that .
25-1	1293-1295	It	abstract	giv	ana	25-3
25-2	1296-1301	think	_	_	_	_
25-3	1302-1306	that	event	giv	coref	25-5[86_0]
25-4	1307-1310	was	_	_	_	_
25-5	1311-1312	a	event[86]	giv[86]	coref	26-3[0_86]
25-6	1313-1317	four	time[85]|event[86]	new[85]|giv[86]	_	_
25-7	1318-1322	year	time[85]|event[86]	new[85]|giv[86]	_	_
25-8	1323-1327	loan	event[86]	giv[86]	_	_
25-9	1328-1330	or	event[86]	giv[86]	_	_
25-10	1331-1340	something	event[86]|abstract[87]	giv[86]|giv[87]	_	_
25-11	1341-1345	like	event[86]|abstract[87]	giv[86]|giv[87]	_	_
25-12	1346-1350	that	event[86]|abstract[87]	giv[86]|giv[87]	_	_
25-13	1351-1352	.	_	_	_	_

#Text=( ( WN ) ) I think it 's been there for longer than that .
26-1	1353-1354	(	_	_	_	_
26-2	1355-1356	(	_	_	_	_
26-3	1357-1359	WN	abstract	giv	ana	26-8
26-4	1360-1361	)	_	_	_	_
26-5	1362-1363	)	_	_	_	_
26-6	1364-1365	I	person	giv	ana	33-1
26-7	1366-1371	think	_	_	_	_
26-8	1372-1374	it	abstract	giv	ana	27-4
26-9	1375-1377	's	_	_	_	_
26-10	1378-1382	been	_	_	_	_
26-11	1383-1388	there	_	_	_	_
26-12	1389-1392	for	_	_	_	_
26-13	1393-1399	longer	_	_	_	_
26-14	1400-1404	than	_	_	_	_
26-15	1405-1409	that	_	_	_	_
26-16	1410-1411	.	_	_	_	_

#Text=Shelley Chaplin : It 's been there for longer than that .
27-1	1412-1419	Shelley	person[91]	giv[91]	coref	32-1[100_91]
27-2	1420-1427	Chaplin	person[91]	giv[91]	_	_
27-3	1428-1429	:	_	_	_	_
27-4	1430-1432	It	abstract	giv	ana	28-3
27-5	1433-1435	's	_	_	_	_
27-6	1436-1440	been	_	_	_	_
27-7	1441-1446	there	_	_	_	_
27-8	1447-1450	for	_	_	_	_
27-9	1451-1457	longer	_	_	_	_
27-10	1458-1462	than	_	_	_	_
27-11	1463-1467	that	_	_	_	_
27-12	1468-1469	.	_	_	_	_

#Text=Or — it must be four years around about now .
28-1	1470-1472	Or	_	_	_	_
28-2	1473-1474	—	_	_	_	_
28-3	1475-1477	it	time	giv	coref	28-6[94_0]
28-4	1478-1482	must	_	_	_	_
28-5	1483-1485	be	_	_	_	_
28-6	1486-1490	four	time[94]	giv[94]	coref	30-3[0_94]
28-7	1491-1496	years	time[94]	giv[94]	_	_
28-8	1497-1503	around	time[94]	giv[94]	_	_
28-9	1504-1509	about	time[94]	giv[94]	_	_
28-10	1510-1513	now	time[94]	giv[94]	_	_
28-11	1514-1515	.	_	_	_	_

#Text=Went in just after Beijing .
29-1	1516-1520	Went	_	_	_	_
29-2	1521-1523	in	_	_	_	_
29-3	1524-1528	just	place[95]	giv[95]	ana	31-5[0_95]
29-4	1529-1534	after	place[95]	giv[95]	_	_
29-5	1535-1542	Beijing	place[95]	giv[95]	_	_
29-6	1543-1544	.	_	_	_	_

#Text=( ( WN ) )
30-1	1545-1546	(	_	_	_	_
30-2	1547-1548	(	_	_	_	_
30-3	1549-1551	WN	abstract	giv	coref	36-3
30-4	1552-1553	)	_	_	_	_
30-5	1554-1555	)	_	_	_	_

#Text=So they 'll return that to you ?
31-1	1556-1558	So	_	_	_	_
31-2	1559-1563	they	person	giv	ana	32-4
31-3	1564-1567	'll	_	_	_	_
31-4	1568-1574	return	_	_	_	_
31-5	1575-1579	that	place	giv	ana	32-7
31-6	1580-1582	to	_	_	_	_
31-7	1583-1586	you	person	giv	ana	36-8
31-8	1587-1588	?	_	_	_	_

#Text=Shelley Chaplin : They 'll return it at some point .
32-1	1589-1596	Shelley	person[100]	giv[100]	coref	37-1[120_100]
32-2	1597-1604	Chaplin	person[100]	giv[100]	_	_
32-3	1605-1606	:	_	_	_	_
32-4	1607-1611	They	person	giv	ana	35-5
32-5	1612-1615	'll	_	_	_	_
32-6	1616-1622	return	_	_	_	_
32-7	1623-1625	it	place	giv	ana	33-6
32-8	1626-1628	at	_	_	_	_
32-9	1629-1633	some	abstract[103]	new[103]	coref	44-6[0_103]
32-10	1634-1639	point	abstract[103]	new[103]	_	_
32-11	1640-1641	.	_	_	_	_

#Text=I mean , I like it .
33-1	1642-1643	I	person	giv	ana	33-4
33-2	1644-1648	mean	_	_	_	_
33-3	1649-1650	,	_	_	_	_
33-4	1651-1652	I	person	giv	ana	35-15
33-5	1653-1657	like	_	_	_	_
33-6	1658-1660	it	place	giv	_	_
33-7	1661-1662	.	_	_	_	_

#Text=It 's nice to have it there .
34-1	1663-1665	It	event	new	cata	34-1[0_108]
34-2	1666-1668	's	_	_	_	_
34-3	1669-1673	nice	_	_	_	_
34-4	1674-1676	to	event[108]	new[108]	coref	35-4[111_108]
34-5	1677-1681	have	event[108]	new[108]	_	_
34-6	1682-1684	it	event[108]	new[108]	_	_
34-7	1685-1690	there	event[108]	new[108]	_	_
34-8	1691-1692	.	_	_	_	_

#Text=It 's good that they have some stuff from wheelchair basketball there , and I do n't need it , so , yeah .
35-1	1693-1695	It	event	new	cata	35-1[0_111]
35-2	1696-1698	's	_	_	_	_
35-3	1699-1703	good	_	_	_	_
35-4	1704-1708	that	event[111]	giv[111]	ana	35-19[0_111]
35-5	1709-1713	they	person|event[111]	giv|giv[111]	_	_
35-6	1714-1718	have	event[111]	giv[111]	_	_
35-7	1719-1723	some	event[111]|object[112]	giv[111]|giv[112]	_	_
35-8	1724-1729	stuff	event[111]|object[112]	giv[111]|giv[112]	_	_
35-9	1730-1734	from	event[111]|object[112]	giv[111]|giv[112]	_	_
35-10	1735-1745	wheelchair	event[111]|object[112]|organization|abstract[114]	giv[111]|giv[112]|new|new[114]	coref|coref|coref|coref	36-12[119_114]|39-7|36-12[119_114]|39-7
35-11	1746-1756	basketball	event[111]|object[112]|abstract[114]	giv[111]|giv[112]|new[114]	_	_
35-12	1757-1762	there	event[111]|object[112]|abstract[114]	giv[111]|giv[112]|new[114]	_	_
35-13	1763-1764	,	_	_	_	_
35-14	1765-1768	and	_	_	_	_
35-15	1769-1770	I	person	giv	ana	39-2
35-16	1771-1773	do	_	_	_	_
35-17	1774-1777	n't	_	_	_	_
35-18	1778-1782	need	_	_	_	_
35-19	1783-1785	it	event	giv	_	_
35-20	1786-1787	,	_	_	_	_
35-21	1788-1790	so	_	_	_	_
35-22	1791-1792	,	_	_	_	_
35-23	1793-1797	yeah	_	_	_	_
35-24	1798-1799	.	_	_	_	_

#Text=( ( WN ) ) How did you get into playing wheelchair basketball ?
36-1	1800-1801	(	_	_	_	_
36-2	1802-1803	(	_	_	_	_
36-3	1804-1806	WN	abstract	giv	ana	42-12
36-4	1807-1808	)	_	_	_	_
36-5	1809-1810	)	_	_	_	_
36-6	1811-1814	How	_	_	_	_
36-7	1815-1818	did	_	_	_	_
36-8	1819-1822	you	person	giv	_	_
36-9	1823-1826	get	_	_	_	_
36-10	1827-1831	into	_	_	_	_
36-11	1832-1839	playing	_	_	_	_
36-12	1840-1850	wheelchair	abstract[119]	giv[119]	coref	42-17[0_119]
36-13	1851-1861	basketball	abstract[119]	giv[119]	_	_
36-14	1862-1863	?	_	_	_	_

#Text=Shelley Chaplin : After the Atlanta Paralympics actually .
37-1	1864-1871	Shelley	person[120]	giv[120]	coref	45-1[153_120]
37-2	1872-1879	Chaplin	person[120]	giv[120]	_	_
37-3	1880-1881	:	person[120]	giv[120]	_	_
37-4	1882-1887	After	person[120]	giv[120]	_	_
37-5	1888-1891	the	person[120]|event[122]	giv[120]|new[122]	_	_
37-6	1892-1899	Atlanta	person[120]|place|event[122]	giv[120]|new|new[122]	_	_
37-7	1900-1911	Paralympics	person[120]|event[122]	giv[120]|new[122]	_	_
37-8	1912-1920	actually	person[120]|event[122]	giv[120]|new[122]	_	_
37-9	1921-1922	.	_	_	_	_

#Text=There was a welcome home parade in Melbourne .
38-1	1923-1928	There	_	_	_	_
38-2	1929-1932	was	_	_	_	_
38-3	1933-1934	a	event[124]	new[124]	coref	40-5[131_124]
38-4	1935-1942	welcome	event[124]	new[124]	_	_
38-5	1943-1947	home	place|event[124]	new|new[124]	_	_
38-6	1948-1954	parade	event[124]	new[124]	_	_
38-7	1955-1957	in	event[124]	new[124]	_	_
38-8	1958-1967	Melbourne	event[124]|place	new[124]|new	_	_
38-9	1968-1969	.	_	_	_	_

#Text=So I never knew anything about wheelchair sports before that .
39-1	1970-1972	So	_	_	_	_
39-2	1973-1974	I	person	giv	ana	40-2
39-3	1975-1980	never	_	_	_	_
39-4	1981-1985	knew	_	_	_	_
39-5	1986-1994	anything	object	new	coref	40-41
39-6	1995-2000	about	_	_	_	_
39-7	2001-2011	wheelchair	object|abstract[129]	giv|new[129]	coref|coref|coref|coref	40-20[135_0]|40-43[142_129]|40-20[135_0]|40-43[142_129]
39-8	2012-2018	sports	abstract[129]	new[129]	_	_
39-9	2019-2025	before	_	_	_	_
39-10	2026-2030	that	_	_	_	_
39-11	2031-2032	.	_	_	_	_

#Text=And I went to the parade , and I used to walk around , but that day I used a wheelchair because I was really tired , and someone just approached me and said " Hey , do you know anything about wheelchair sports ?
40-1	2033-2036	And	_	_	_	_
40-2	2037-2038	I	person	giv	ana	40-9
40-3	2039-2043	went	_	_	_	_
40-4	2044-2046	to	_	_	_	_
40-5	2047-2050	the	event[131]	giv[131]	_	_
40-6	2051-2057	parade	event[131]	giv[131]	_	_
40-7	2058-2059	,	_	_	_	_
40-8	2060-2063	and	_	_	_	_
40-9	2064-2065	I	person	giv	ana	40-18
40-10	2066-2070	used	_	_	_	_
40-11	2071-2073	to	_	_	_	_
40-12	2074-2078	walk	_	_	_	_
40-13	2079-2085	around	_	_	_	_
40-14	2086-2087	,	_	_	_	_
40-15	2088-2091	but	_	_	_	_
40-16	2092-2096	that	time[133]	new[133]	_	_
40-17	2097-2100	day	time[133]	new[133]	_	_
40-18	2101-2102	I	person	giv	ana	40-23
40-19	2103-2107	used	_	_	_	_
40-20	2108-2109	a	organization[135]	giv[135]	coref	40-43[0_135]
40-21	2110-2120	wheelchair	organization[135]	giv[135]	_	_
40-22	2121-2128	because	_	_	_	_
40-23	2129-2130	I	person	giv	ana	40-32
40-24	2131-2134	was	_	_	_	_
40-25	2135-2141	really	_	_	_	_
40-26	2142-2147	tired	_	_	_	_
40-27	2148-2149	,	_	_	_	_
40-28	2150-2153	and	_	_	_	_
40-29	2154-2161	someone	person	new	ana	40-39
40-30	2162-2166	just	_	_	_	_
40-31	2167-2177	approached	_	_	_	_
40-32	2178-2180	me	person	giv	ana	42-7
40-33	2181-2184	and	_	_	_	_
40-34	2185-2189	said	_	_	_	_
40-35	2190-2191	"	_	_	_	_
40-36	2192-2195	Hey	_	_	_	_
40-37	2196-2197	,	_	_	_	_
40-38	2198-2200	do	_	_	_	_
40-39	2201-2204	you	person	giv	ana	41-1
40-40	2205-2209	know	_	_	_	_
40-41	2210-2218	anything	abstract	giv	_	_
40-42	2219-2224	about	_	_	_	_
40-43	2225-2235	wheelchair	organization|abstract[142]	giv|giv[142]	_	_
40-44	2236-2242	sports	abstract[142]	giv[142]	_	_
40-45	2243-2244	?	_	_	_	_

#Text=You should get involved !
41-1	2245-2248	You	person	giv	ana	44-2
41-2	2249-2255	should	_	_	_	_
41-3	2256-2259	get	_	_	_	_
41-4	2260-2268	involved	_	_	_	_
41-5	2269-2270	!	_	_	_	_

#Text=" And , yeah , so I did ! I tried everything , and I liked basketball the most .
42-1	2271-2272	"	_	_	_	_
42-2	2273-2276	And	_	_	_	_
42-3	2277-2278	,	_	_	_	_
42-4	2279-2283	yeah	_	_	_	_
42-5	2284-2285	,	_	_	_	_
42-6	2286-2288	so	_	_	_	_
42-7	2289-2290	I	person	giv	ana	42-10
42-8	2291-2294	did	_	_	_	_
42-9	2295-2296	!	_	_	_	_
42-10	2297-2298	I	person	giv	ana	42-15
42-11	2299-2304	tried	_	_	_	_
42-12	2305-2315	everything	abstract	giv	coref	43-3
42-13	2316-2317	,	_	_	_	_
42-14	2318-2321	and	_	_	_	_
42-15	2322-2323	I	person	giv	ana	46-6
42-16	2324-2329	liked	_	_	_	_
42-17	2330-2340	basketball	abstract	giv	coref	48-8[169_0]
42-18	2341-2344	the	_	_	_	_
42-19	2345-2349	most	_	_	_	_
42-20	2350-2351	.	_	_	_	_

#Text=( ( WN ) )
43-1	2352-2353	(	_	_	_	_
43-2	2354-2355	(	_	_	_	_
43-3	2356-2358	WN	abstract	giv	coref	46-3
43-4	2359-2360	)	_	_	_	_
43-5	2361-2362	)	_	_	_	_

#Text=And you 're a three point player ?
44-1	2363-2366	And	_	_	_	_
44-2	2367-2370	you	person	giv	coref	44-4[152_0]
44-3	2371-2374	're	_	_	_	_
44-4	2375-2376	a	person[152]	giv[152]	_	_
44-5	2377-2382	three	person[152]	giv[152]	_	_
44-6	2383-2388	point	abstract|person[152]	giv|giv[152]	coref	45-4[154_0]
44-7	2389-2395	player	person[152]	giv[152]	_	_
44-8	2396-2397	?	_	_	_	_

#Text=Shelley Chaplin : Three point five .
45-1	2398-2405	Shelley	person[153]	giv[153]	_	_
45-2	2406-2413	Chaplin	person[153]	giv[153]	_	_
45-3	2414-2415	:	_	_	_	_
45-4	2416-2421	Three	abstract[154]	giv[154]	_	_
45-5	2422-2427	point	abstract[154]	giv[154]	_	_
45-6	2428-2432	five	abstract[154]	giv[154]	_	_
45-7	2433-2434	.	_	_	_	_

#Text=( ( WN ) ) I 'd never seen the game before .
46-1	2435-2436	(	_	_	_	_
46-2	2437-2438	(	_	_	_	_
46-3	2439-2441	WN	abstract	giv	coref	47-33[166_0]
46-4	2442-2443	)	_	_	_	_
46-5	2444-2445	)	_	_	_	_
46-6	2446-2447	I	person	giv	ana	47-1
46-7	2448-2450	'd	_	_	_	_
46-8	2451-2456	never	_	_	_	_
46-9	2457-2461	seen	_	_	_	_
46-10	2462-2465	the	event[157]	new[157]	coref	47-16[162_157]
46-11	2466-2470	game	event[157]	new[157]	_	_
46-12	2471-2477	before	_	_	_	_
46-13	2478-2479	.	_	_	_	_

#Text=My first experience of it was when the Gliders came out on the court for that first game [ in London ] , and I was really taken with the sport from the word go .
47-1	2480-2482	My	person|abstract[159]	giv|new[159]	ana|ana	47-25|47-25
47-2	2483-2488	first	abstract[159]	new[159]	_	_
47-3	2489-2499	experience	abstract[159]	new[159]	_	_
47-4	2500-2502	of	abstract[159]	new[159]	_	_
47-5	2503-2505	it	abstract[159]	new[159]	_	_
47-6	2506-2509	was	_	_	_	_
47-7	2510-2514	when	_	_	_	_
47-8	2515-2518	the	organization[160]	new[160]	_	_
47-9	2519-2526	Gliders	organization[160]	new[160]	_	_
47-10	2527-2531	came	_	_	_	_
47-11	2532-2535	out	_	_	_	_
47-12	2536-2538	on	_	_	_	_
47-13	2539-2542	the	organization[161]	new[161]	_	_
47-14	2543-2548	court	organization[161]	new[161]	_	_
47-15	2549-2552	for	_	_	_	_
47-16	2553-2557	that	event[162]	giv[162]	_	_
47-17	2558-2563	first	event[162]	giv[162]	_	_
47-18	2564-2568	game	event[162]	giv[162]	_	_
47-19	2569-2570	[	_	_	_	_
47-20	2571-2573	in	_	_	_	_
47-21	2574-2580	London	place	new	ana	48-1
47-22	2581-2582	]	_	_	_	_
47-23	2583-2584	,	_	_	_	_
47-24	2585-2588	and	_	_	_	_
47-25	2589-2590	I	person	giv	_	_
47-26	2591-2594	was	_	_	_	_
47-27	2595-2601	really	_	_	_	_
47-28	2602-2607	taken	_	_	_	_
47-29	2608-2612	with	_	_	_	_
47-30	2613-2616	the	abstract[165]	new[165]	_	_
47-31	2617-2622	sport	abstract[165]	new[165]	_	_
47-32	2623-2627	from	_	_	_	_
47-33	2628-2631	the	abstract[166]	giv[166]	_	_
47-34	2632-2636	word	abstract[166]	giv[166]	_	_
47-35	2637-2639	go	_	_	_	_
47-36	2640-2641	.	_	_	_	_

#Text=It has a sort of grace that normal basketball lacks .
48-1	2642-2644	It	place	giv	ana	49-3
48-2	2645-2648	has	_	_	_	_
48-3	2649-2650	a	_	_	_	_
48-4	2651-2655	sort	abstract[168]	new[168]	_	_
48-5	2656-2658	of	abstract[168]	new[168]	_	_
48-6	2659-2664	grace	abstract[168]	new[168]	_	_
48-7	2665-2669	that	_	_	_	_
48-8	2670-2676	normal	abstract[169]	giv[169]	_	_
48-9	2677-2687	basketball	abstract[169]	giv[169]	_	_
48-10	2688-2693	lacks	_	_	_	_
48-11	2694-2695	.	_	_	_	_

#Text=But otherwise it 's very similar .
49-1	2696-2699	But	_	_	_	_
49-2	2700-2709	otherwise	_	_	_	_
49-3	2710-2712	it	place	giv	_	_
49-4	2713-2715	's	_	_	_	_
49-5	2716-2720	very	_	_	_	_
49-6	2721-2728	similar	_	_	_	_
49-7	2729-2730	.	_	_	_	_
