#FORMAT=WebAnno TSV 3.2
#T_SP=webanno.custom.Referent|entity|infstat
#T_RL=webanno.custom.Coref|type|BT_webanno.custom.Referent


#Text=Talk to Your Tween Daughter About Boys
1-1	0-4	Talk	_	_	_	_
1-2	5-7	to	_	_	_	_
1-3	8-12	Your	person|person[3]	acc|new[3]	ana|coref	3-18|3-18[14_3]
1-4	13-18	Tween	time|person[3]	new|new[3]	_	_
1-5	19-27	Daughter	person[3]	new[3]	_	_
1-6	28-33	About	_	_	_	_
1-7	34-38	Boys	person	new	ana	2-5

#Text=Nobody likes it when their child grows up too quickly .
2-1	39-45	Nobody	person	new	_	_
2-2	46-51	likes	_	_	_	_
2-3	52-54	it	event	acc	ana	4-9
2-4	55-59	when	_	_	_	_
2-5	60-65	their	person|person[8]	giv|new[8]	ana	10-5[0_8]
2-6	66-71	child	person[8]	new[8]	_	_
2-7	72-77	grows	_	_	_	_
2-8	78-80	up	_	_	_	_
2-9	81-84	too	_	_	_	_
2-10	85-92	quickly	_	_	_	_
2-11	93-94	.	_	_	_	_

#Text=Sometimes , the only way to prevent this is to discuss things as a family to ensure your daughter knows the circumstances she is already or will face in the future .
3-1	95-104	Sometimes	_	_	_	_
3-2	105-106	,	_	_	_	_
3-3	107-110	the	event[9]	new[9]	ana	3-8[0_9]
3-4	111-115	only	event[9]	new[9]	_	_
3-5	116-119	way	event[9]	new[9]	_	_
3-6	120-122	to	event[9]	new[9]	_	_
3-7	123-130	prevent	event[9]	new[9]	_	_
3-8	131-135	this	event[9]|event	new[9]|giv	coref	20-1[83_0]
3-9	136-138	is	_	_	_	_
3-10	139-141	to	_	_	_	_
3-11	142-149	discuss	_	_	_	_
3-12	150-156	things	abstract	new	_	_
3-13	157-159	as	_	_	_	_
3-14	160-161	a	person[12]	new[12]	_	_
3-15	162-168	family	person[12]	new[12]	_	_
3-16	169-171	to	_	_	_	_
3-17	172-178	ensure	_	_	_	_
3-18	179-183	your	person|person[14]	giv|giv[14]	ana|ana	3-23[0_14]|9-9
3-19	184-192	daughter	person[14]	giv[14]	_	_
3-20	193-198	knows	_	_	_	_
3-21	199-202	the	abstract[15]	new[15]	_	_
3-22	203-216	circumstances	abstract[15]	new[15]	_	_
3-23	217-220	she	abstract[15]|person	new[15]|giv	coref	13-14[49_0]
3-24	221-223	is	abstract[15]	new[15]	_	_
3-25	224-231	already	abstract[15]	new[15]	_	_
3-26	232-234	or	abstract[15]	new[15]	_	_
3-27	235-239	will	abstract[15]	new[15]	_	_
3-28	240-244	face	abstract[15]	new[15]	_	_
3-29	245-247	in	_	_	_	_
3-30	248-251	the	time[17]	new[17]	_	_
3-31	252-258	future	time[17]	new[17]	_	_
3-32	259-260	.	_	_	_	_

#Text=Here are some ways to connect and make this as easy as possible .
4-1	261-265	Here	_	_	_	_
4-2	266-269	are	_	_	_	_
4-3	270-274	some	abstract[18]	new[18]	_	_
4-4	275-279	ways	abstract[18]	new[18]	_	_
4-5	280-282	to	abstract[18]	new[18]	_	_
4-6	283-290	connect	abstract[18]	new[18]	_	_
4-7	291-294	and	abstract[18]	new[18]	_	_
4-8	295-299	make	abstract[18]	new[18]	_	_
4-9	300-304	this	abstract[18]|event	new[18]|giv	_	_
4-10	305-307	as	abstract[18]	new[18]	_	_
4-11	308-312	easy	abstract[18]	new[18]	_	_
4-12	313-315	as	_	_	_	_
4-13	316-324	possible	_	_	_	_
4-14	325-326	.	_	_	_	_

#Text=Steps
5-1	327-332	Steps	abstract	new	_	_

#Text=Finding the Right Time to Talk
6-1	333-340	Finding	_	_	_	_
6-2	341-344	the	organization[21]	new[21]	_	_
6-3	345-350	Right	organization[21]	new[21]	_	_
6-4	351-355	Time	organization[21]	new[21]	_	_
6-5	356-358	to	organization[21]	new[21]	_	_
6-6	359-363	Talk	organization[21]	new[21]	_	_

#Text=Find a good place to talk .
7-1	364-368	Find	_	_	_	_
7-2	369-370	a	place[22]	new[22]	_	_
7-3	371-375	good	place[22]	new[22]	_	_
7-4	376-381	place	place[22]	new[22]	_	_
7-5	382-384	to	place[22]	new[22]	_	_
7-6	385-389	talk	place[22]	new[22]	_	_
7-7	390-391	.	_	_	_	_

#Text=The setting should be private , quiet , and without distractions .
8-1	392-395	The	place[23]	new[23]	_	_
8-2	396-403	setting	place[23]	new[23]	_	_
8-3	404-410	should	_	_	_	_
8-4	411-413	be	_	_	_	_
8-5	414-421	private	_	_	_	_
8-6	422-423	,	_	_	_	_
8-7	424-429	quiet	_	_	_	_
8-8	430-431	,	_	_	_	_
8-9	432-435	and	_	_	_	_
8-10	436-443	without	_	_	_	_
8-11	444-456	distractions	abstract	new	coref	14-24[56_0]
8-12	457-458	.	_	_	_	_

#Text=Talking in the living room when both of you are home alone is a good idea .
9-1	459-466	Talking	_	_	_	_
9-2	467-469	in	_	_	_	_
9-3	470-473	the	place[25]	new[25]	_	_
9-4	474-480	living	place[25]	new[25]	_	_
9-5	481-485	room	place[25]	new[25]	_	_
9-6	486-490	when	_	_	_	_
9-7	491-495	both	_	_	_	_
9-8	496-498	of	_	_	_	_
9-9	499-502	you	person	giv	ana	11-2
9-10	503-506	are	_	_	_	_
9-11	507-511	home	_	_	_	_
9-12	512-517	alone	_	_	_	_
9-13	518-520	is	_	_	_	_
9-14	521-522	a	place[27]	new[27]	ana	10-9[0_27]
9-15	523-527	good	place[27]	new[27]	_	_
9-16	528-532	idea	place[27]	new[27]	_	_
9-17	533-534	.	_	_	_	_

#Text=Try not to use her bedroom , as this is her place to gather her thoughts and emotions .
10-1	535-538	Try	_	_	_	_
10-2	539-542	not	_	_	_	_
10-3	543-545	to	_	_	_	_
10-4	546-549	use	_	_	_	_
10-5	550-553	her	person|place[29]	giv|new[29]	ana	10-11
10-6	554-561	bedroom	place[29]	new[29]	_	_
10-7	562-563	,	_	_	_	_
10-8	564-566	as	_	_	_	_
10-9	567-571	this	place	giv	coref	10-11[32_0]
10-10	572-574	is	_	_	_	_
10-11	575-578	her	person|place[32]	giv|giv[32]	ana|coref	10-15|11-6[37_32]
10-12	579-584	place	place[32]	giv[32]	_	_
10-13	585-587	to	place[32]	giv[32]	_	_
10-14	588-594	gather	place[32]	giv[32]	_	_
10-15	595-598	her	place[32]|person|abstract[34]	giv[32]|giv|new[34]	ana	11-13
10-16	599-607	thoughts	place[32]|abstract[34]	giv[32]|new[34]	_	_
10-17	608-611	and	place[32]	giv[32]	_	_
10-18	612-620	emotions	place[32]|abstract	giv[32]|new	_	_
10-19	621-622	.	_	_	_	_

#Text=If you ca n't find a place at home , try taking her somewhere like a coffee shop or a store she likes to shop at , so she feels more comfortable .
11-1	623-625	If	_	_	_	_
11-2	626-629	you	person	giv	ana	13-14
11-3	630-632	ca	_	_	_	_
11-4	633-636	n't	_	_	_	_
11-5	637-641	find	_	_	_	_
11-6	642-643	a	place[37]	giv[37]	_	_
11-7	644-649	place	place[37]	giv[37]	_	_
11-8	650-652	at	place[37]	giv[37]	_	_
11-9	653-657	home	place[37]|place	giv[37]|new	_	_
11-10	658-659	,	_	_	_	_
11-11	660-663	try	_	_	_	_
11-12	664-670	taking	_	_	_	_
11-13	671-674	her	person	giv	ana	11-22
11-14	675-684	somewhere	_	_	_	_
11-15	685-689	like	_	_	_	_
11-16	690-691	a	place[40]	new[40]	_	_
11-17	692-698	coffee	place[40]	new[40]	_	_
11-18	699-703	shop	place[40]	new[40]	_	_
11-19	704-706	or	_	_	_	_
11-20	707-708	a	place[41]	new[41]	_	_
11-21	709-714	store	place[41]	new[41]	_	_
11-22	715-718	she	place[41]|person	new[41]|giv	ana	11-29
11-23	719-724	likes	place[41]	new[41]	_	_
11-24	725-727	to	place[41]	new[41]	_	_
11-25	728-732	shop	place[41]	new[41]	_	_
11-26	733-735	at	_	_	_	_
11-27	736-737	,	_	_	_	_
11-28	738-740	so	_	_	_	_
11-29	741-744	she	person	giv	_	_
11-30	745-750	feels	_	_	_	_
11-31	751-755	more	_	_	_	_
11-32	756-767	comfortable	_	_	_	_
11-33	768-769	.	_	_	_	_

#Text=Make time to talk .
12-1	770-774	Make	_	_	_	_
12-2	775-779	time	time	new	coref	14-5[50_0]
12-3	780-782	to	_	_	_	_
12-4	783-787	talk	_	_	_	_
12-5	788-789	.	_	_	_	_

#Text=Do n't rush the conversation , or lose focus on the conversation with your daughter .
13-1	790-792	Do	_	_	_	_
13-2	793-796	n't	_	_	_	_
13-3	797-801	rush	_	_	_	_
13-4	802-805	the	event[45]	new[45]	coref	13-11[47_45]
13-5	806-818	conversation	event[45]	new[45]	_	_
13-6	819-820	,	_	_	_	_
13-7	821-823	or	_	_	_	_
13-8	824-828	lose	_	_	_	_
13-9	829-834	focus	abstract	new	_	_
13-10	835-837	on	_	_	_	_
13-11	838-841	the	event[47]	giv[47]	coref	15-7[59_47]
13-12	842-854	conversation	event[47]	giv[47]	_	_
13-13	855-859	with	event[47]	giv[47]	_	_
13-14	860-864	your	event[47]|person|person[49]	giv[47]|giv|giv[49]	ana|ana	14-7|14-13[52_49]
13-15	865-873	daughter	event[47]|person[49]	giv[47]|giv[49]	_	_
13-16	874-875	.	_	_	_	_

#Text=Instead , make sure the time you have chosen is convenient for both you and your daughter , so that you can remove any distractions .
14-1	876-883	Instead	_	_	_	_
14-2	884-885	,	_	_	_	_
14-3	886-890	make	_	_	_	_
14-4	891-895	sure	_	_	_	_
14-5	896-899	the	time[50]	giv[50]	coref	15-3[58_50]
14-6	900-904	time	time[50]	giv[50]	_	_
14-7	905-908	you	time[50]|person	giv[50]|giv	ana	14-16
14-8	909-913	have	time[50]	giv[50]	_	_
14-9	914-920	chosen	time[50]	giv[50]	_	_
14-10	921-923	is	_	_	_	_
14-11	924-934	convenient	_	_	_	_
14-12	935-938	for	_	_	_	_
14-13	939-943	both	person[52]	giv[52]	coref	14-16[54_52]
14-14	944-947	you	person[52]	giv[52]	_	_
14-15	948-951	and	_	_	_	_
14-16	952-956	your	person|person[54]	giv|giv[54]	ana|coref	14-21|16-1[61_54]
14-17	957-965	daughter	person[54]	giv[54]	_	_
14-18	966-967	,	_	_	_	_
14-19	968-970	so	_	_	_	_
14-20	971-975	that	_	_	_	_
14-21	976-979	you	person	giv	ana	15-2
14-22	980-983	can	_	_	_	_
14-23	984-990	remove	_	_	_	_
14-24	991-994	any	abstract[56]	giv[56]	_	_
14-25	995-1007	distractions	abstract[56]	giv[56]	_	_
14-26	1008-1009	.	_	_	_	_

#Text=Leave yourself enough time to allow the conversation to overrun .
15-1	1010-1015	Leave	_	_	_	_
15-2	1016-1024	yourself	person	giv	ana	16-1
15-3	1025-1031	enough	time[58]	giv[58]	coref	23-20[104_58]
15-4	1032-1036	time	time[58]	giv[58]	_	_
15-5	1037-1039	to	time[58]	giv[58]	_	_
15-6	1040-1045	allow	time[58]	giv[58]	_	_
15-7	1046-1049	the	time[58]|event[59]	giv[58]|giv[59]	coref	16-14[64_59]
15-8	1050-1062	conversation	time[58]|event[59]	giv[58]|giv[59]	_	_
15-9	1063-1065	to	time[58]	giv[58]	_	_
15-10	1066-1073	overrun	time[58]	giv[58]	_	_
15-11	1074-1075	.	_	_	_	_

#Text=Your daughter might need more explanations or help with understanding certain parts during the conversation and she might have questions that she wants to know the answers to .
16-1	1076-1080	Your	person|person[61]	giv|giv[61]	ana|ana	16-17[0_61]|17-6
16-2	1081-1089	daughter	person[61]	giv[61]	_	_
16-3	1090-1095	might	_	_	_	_
16-4	1096-1100	need	_	_	_	_
16-5	1101-1105	more	abstract[62]	new[62]	_	_
16-6	1106-1118	explanations	abstract[62]	new[62]	_	_
16-7	1119-1121	or	_	_	_	_
16-8	1122-1126	help	_	_	_	_
16-9	1127-1131	with	_	_	_	_
16-10	1132-1145	understanding	_	_	_	_
16-11	1146-1153	certain	abstract[63]	new[63]	_	_
16-12	1154-1159	parts	abstract[63]	new[63]	_	_
16-13	1160-1166	during	_	_	_	_
16-14	1167-1170	the	event[64]	giv[64]	coref	19-24[82_64]
16-15	1171-1183	conversation	event[64]	giv[64]	_	_
16-16	1184-1187	and	_	_	_	_
16-17	1188-1191	she	person	giv	ana	16-22
16-18	1192-1197	might	_	_	_	_
16-19	1198-1202	have	_	_	_	_
16-20	1203-1212	questions	abstract[66]	new[66]	_	_
16-21	1213-1217	that	abstract[66]	new[66]	_	_
16-22	1218-1221	she	abstract[66]|person	new[66]|giv	coref	17-6[70_0]
16-23	1222-1227	wants	abstract[66]	new[66]	_	_
16-24	1228-1230	to	abstract[66]	new[66]	_	_
16-25	1231-1235	know	abstract[66]	new[66]	_	_
16-26	1236-1239	the	abstract[66]|abstract[68]	new[66]|new[68]	_	_
16-27	1240-1247	answers	abstract[66]|abstract[68]	new[66]|new[68]	_	_
16-28	1248-1250	to	_	_	_	_
16-29	1251-1252	.	_	_	_	_

#Text=Being Open and Honest with Your Daughter
17-1	1253-1258	Being	_	_	_	_
17-2	1259-1263	Open	_	_	_	_
17-3	1264-1267	and	_	_	_	_
17-4	1268-1274	Honest	_	_	_	_
17-5	1275-1279	with	_	_	_	_
17-6	1280-1284	Your	person|person[70]	giv|giv[70]	ana|coref	18-3|18-3[72_70]
17-7	1285-1293	Daughter	person[70]	giv[70]	_	_

#Text=Talk with your daughter ’s interests at heart .
18-1	1294-1298	Talk	_	_	_	_
18-2	1299-1303	with	_	_	_	_
18-3	1304-1308	your	person|person[72]|abstract[73]	giv|giv[72]|new[73]	ana|coref	19-2|19-2[76_72]
18-4	1309-1317	daughter	person[72]|abstract[73]	giv[72]|new[73]	_	_
18-5	1318-1320	’s	person[72]|abstract[73]	giv[72]|new[73]	_	_
18-6	1321-1330	interests	abstract[73]	new[73]	_	_
18-7	1331-1333	at	abstract[73]	new[73]	_	_
18-8	1334-1339	heart	abstract[73]|abstract	new[73]|new	_	_
18-9	1340-1341	.	_	_	_	_

#Text=Telling your daughter you want only the best life for her , she is more likely to pay attention and gain more from the conversation .
19-1	1342-1349	Telling	_	_	_	_
19-2	1350-1354	your	person|person[76]	giv|giv[76]	ana|ana	19-4|19-11[0_76]
19-3	1355-1363	daughter	person[76]	giv[76]	_	_
19-4	1364-1367	you	person	giv	ana	20-4
19-5	1368-1372	want	_	_	_	_
19-6	1373-1377	only	abstract[78]	new[78]	_	_
19-7	1378-1381	the	abstract[78]	new[78]	_	_
19-8	1382-1386	best	abstract[78]	new[78]	_	_
19-9	1387-1391	life	abstract[78]	new[78]	_	_
19-10	1392-1395	for	_	_	_	_
19-11	1396-1399	her	person	giv	ana	19-13
19-12	1400-1401	,	_	_	_	_
19-13	1402-1405	she	person	giv	ana	20-9
19-14	1406-1408	is	_	_	_	_
19-15	1409-1413	more	_	_	_	_
19-16	1414-1420	likely	_	_	_	_
19-17	1421-1423	to	_	_	_	_
19-18	1424-1427	pay	_	_	_	_
19-19	1428-1437	attention	abstract	new	_	_
19-20	1438-1441	and	_	_	_	_
19-21	1442-1446	gain	_	_	_	_
19-22	1447-1451	more	_	_	_	_
19-23	1452-1456	from	_	_	_	_
19-24	1457-1460	the	event[82]	giv[82]	coref	21-5[90_82]
19-25	1461-1473	conversation	event[82]	giv[82]	_	_
19-26	1474-1475	.	_	_	_	_

#Text=This way , you ’ll be sure that she understands where you are coming from , so that she takes the topic seriously .
20-1	1476-1480	This	event[83]	giv[83]	coref	26-24[117_83]
20-2	1481-1484	way	event[83]	giv[83]	_	_
20-3	1485-1486	,	_	_	_	_
20-4	1487-1490	you	person	giv	ana	20-12
20-5	1491-1494	’ll	_	_	_	_
20-6	1495-1497	be	_	_	_	_
20-7	1498-1502	sure	_	_	_	_
20-8	1503-1507	that	_	_	_	_
20-9	1508-1511	she	person	giv	ana	20-19
20-10	1512-1523	understands	_	_	_	_
20-11	1524-1529	where	_	_	_	_
20-12	1530-1533	you	person	giv	ana	22-5
20-13	1534-1537	are	_	_	_	_
20-14	1538-1544	coming	_	_	_	_
20-15	1545-1549	from	_	_	_	_
20-16	1550-1551	,	_	_	_	_
20-17	1552-1554	so	_	_	_	_
20-18	1555-1559	that	_	_	_	_
20-19	1560-1563	she	person	giv	coref	22-5[93_0]
20-20	1564-1569	takes	_	_	_	_
20-21	1570-1573	the	abstract[88]	new[88]	coref	22-10[94_88]
20-22	1574-1579	topic	abstract[88]	new[88]	_	_
20-23	1580-1589	seriously	_	_	_	_
20-24	1590-1591	.	_	_	_	_

#Text=Explain the importance behind the conversation .
21-1	1592-1599	Explain	_	_	_	_
21-2	1600-1603	the	abstract[89]	new[89]	_	_
21-3	1604-1614	importance	abstract[89]	new[89]	_	_
21-4	1615-1621	behind	abstract[89]	new[89]	_	_
21-5	1622-1625	the	abstract[89]|event[90]	new[89]|giv[90]	ana	22-1[0_90]
21-6	1626-1638	conversation	abstract[89]|event[90]	new[89]|giv[90]	_	_
21-7	1639-1640	.	_	_	_	_

#Text=It ’s important for your daughter to understand why the topic of boys needs to be addressed with your daughter .
22-1	1641-1643	It	event	giv	coref	23-10[100_0]
22-2	1644-1646	’s	_	_	_	_
22-3	1647-1656	important	_	_	_	_
22-4	1657-1660	for	_	_	_	_
22-5	1661-1665	your	person|person[93]	giv|giv[93]	ana|coref	22-19|22-19[97_93]
22-6	1666-1674	daughter	person[93]	giv[93]	_	_
22-7	1675-1677	to	_	_	_	_
22-8	1678-1688	understand	_	_	_	_
22-9	1689-1692	why	_	_	_	_
22-10	1693-1696	the	abstract[94]	giv[94]	_	_
22-11	1697-1702	topic	abstract[94]	giv[94]	_	_
22-12	1703-1705	of	abstract[94]	giv[94]	_	_
22-13	1706-1710	boys	abstract[94]|person	giv[94]|new	coref	30-13
22-14	1711-1716	needs	_	_	_	_
22-15	1717-1719	to	_	_	_	_
22-16	1720-1722	be	_	_	_	_
22-17	1723-1732	addressed	_	_	_	_
22-18	1733-1737	with	_	_	_	_
22-19	1738-1742	your	person|person[97]	giv|giv[97]	ana|ana	23-2[0_97]|23-7
22-20	1743-1751	daughter	person[97]	giv[97]	_	_
22-21	1752-1753	.	_	_	_	_

#Text=If she does n’t know why you are having the conversation with your daughter , she may not spend the time listening to important information .
23-1	1754-1756	If	_	_	_	_
23-2	1757-1760	she	person	giv	coref	23-13[102_0]
23-3	1761-1765	does	_	_	_	_
23-4	1766-1769	n’t	_	_	_	_
23-5	1770-1774	know	_	_	_	_
23-6	1775-1778	why	_	_	_	_
23-7	1779-1782	you	person	giv	ana	23-13
23-8	1783-1786	are	_	_	_	_
23-9	1787-1793	having	_	_	_	_
23-10	1794-1797	the	event[100]	giv[100]	coref	26-19[116_100]
23-11	1798-1810	conversation	event[100]	giv[100]	_	_
23-12	1811-1815	with	_	_	_	_
23-13	1816-1820	your	person|person[102]	giv|giv[102]	ana|ana	23-16[0_102]|25-6
23-14	1821-1829	daughter	person[102]	giv[102]	_	_
23-15	1830-1831	,	_	_	_	_
23-16	1832-1835	she	person	giv	ana	25-12
23-17	1836-1839	may	_	_	_	_
23-18	1840-1843	not	_	_	_	_
23-19	1844-1849	spend	_	_	_	_
23-20	1850-1853	the	time[104]	giv[104]	_	_
23-21	1854-1858	time	time[104]	giv[104]	_	_
23-22	1859-1868	listening	_	_	_	_
23-23	1869-1871	to	_	_	_	_
23-24	1872-1881	important	abstract[105]	new[105]	_	_
23-25	1882-1893	information	abstract[105]	new[105]	_	_
23-26	1894-1895	.	_	_	_	_

#Text=Be positive .
24-1	1896-1898	Be	_	_	_	_
24-2	1899-1907	positive	_	_	_	_
24-3	1908-1909	.	_	_	_	_

#Text=Do n't be angry when you talk ; just know that she may not understand or believe everything you say .
25-1	1910-1912	Do	_	_	_	_
25-2	1913-1916	n't	_	_	_	_
25-3	1917-1919	be	_	_	_	_
25-4	1920-1925	angry	_	_	_	_
25-5	1926-1930	when	_	_	_	_
25-6	1931-1934	you	person	giv	ana	25-19
25-7	1935-1939	talk	_	_	_	_
25-8	1940-1941	;	_	_	_	_
25-9	1942-1946	just	_	_	_	_
25-10	1947-1951	know	_	_	_	_
25-11	1952-1956	that	_	_	_	_
25-12	1957-1960	she	person	giv	coref	26-10[113_0]
25-13	1961-1964	may	_	_	_	_
25-14	1965-1968	not	_	_	_	_
25-15	1969-1979	understand	_	_	_	_
25-16	1980-1982	or	_	_	_	_
25-17	1983-1990	believe	_	_	_	_
25-18	1991-2001	everything	abstract[108]	new[108]	ana	26-1[0_108]
25-19	2002-2005	you	abstract[108]|person	new[108]|giv	ana	26-5
25-20	2006-2009	say	abstract[108]	new[108]	_	_
25-21	2010-2011	.	_	_	_	_

#Text=It ’s important that you are n’t negative with your daughter as this could impact the outcome of the conversation and could change the way your daughter behaves .
26-1	2012-2014	It	abstract	giv	ana	26-13
26-2	2015-2017	’s	_	_	_	_
26-3	2018-2027	important	_	_	_	_
26-4	2028-2032	that	_	_	_	_
26-5	2033-2036	you	person	giv	ana	26-10
26-6	2037-2040	are	_	_	_	_
26-7	2041-2044	n’t	_	_	_	_
26-8	2045-2053	negative	_	_	_	_
26-9	2054-2058	with	_	_	_	_
26-10	2059-2063	your	person|person[113]	giv|giv[113]	ana|coref	26-26|26-26[119_113]
26-11	2064-2072	daughter	person[113]	giv[113]	_	_
26-12	2073-2075	as	_	_	_	_
26-13	2076-2080	this	abstract	giv	_	_
26-14	2081-2086	could	_	_	_	_
26-15	2087-2093	impact	_	_	_	_
26-16	2094-2097	the	abstract[115]	new[115]	_	_
26-17	2098-2105	outcome	abstract[115]	new[115]	_	_
26-18	2106-2108	of	abstract[115]	new[115]	_	_
26-19	2109-2112	the	abstract[115]|event[116]	new[115]|giv[116]	coref	31-14[139_116]
26-20	2113-2125	conversation	abstract[115]|event[116]	new[115]|giv[116]	_	_
26-21	2126-2129	and	_	_	_	_
26-22	2130-2135	could	_	_	_	_
26-23	2136-2142	change	_	_	_	_
26-24	2143-2146	the	event[117]	giv[117]	_	_
26-25	2147-2150	way	event[117]	giv[117]	_	_
26-26	2151-2155	your	event[117]|person|person[119]	giv[117]|giv|giv[119]	ana|coref	29-2|30-1[129_119]
26-27	2156-2164	daughter	event[117]|person[119]	giv[117]|giv[119]	_	_
26-28	2165-2172	behaves	event[117]	giv[117]	_	_
26-29	2173-2174	.	_	_	_	_

#Text=Birds and the Bees
27-1	2175-2180	Birds	animal	new	_	_
27-2	2181-2184	and	_	_	_	_
27-3	2185-2188	the	animal[121]	new[121]	_	_
27-4	2189-2193	Bees	animal[121]	new[121]	_	_

#Text=Avoid going into too much detail .
28-1	2194-2199	Avoid	_	_	_	_
28-2	2200-2205	going	_	_	_	_
28-3	2206-2210	into	_	_	_	_
28-4	2211-2214	too	abstract[122]	new[122]	_	_
28-5	2215-2219	much	abstract[122]	new[122]	_	_
28-6	2220-2226	detail	abstract[122]	new[122]	_	_
28-7	2227-2228	.	_	_	_	_

#Text=If you have n't talked about this particular subject before , it would be a good time to dig into it a little .
29-1	2229-2231	If	_	_	_	_
29-2	2232-2235	you	person|time[126]	giv|new[126]	ana	30-1
29-3	2236-2240	have	time[126]	new[126]	_	_
29-4	2241-2244	n't	time[126]	new[126]	_	_
29-5	2245-2251	talked	time[126]	new[126]	_	_
29-6	2252-2257	about	time[126]	new[126]	_	_
29-7	2258-2262	this	abstract[124]|time[126]	new[124]|new[126]	ana	29-12[0_124]
29-8	2263-2273	particular	abstract[124]|time[126]	new[124]|new[126]	_	_
29-9	2274-2281	subject	abstract[124]|time[126]	new[124]|new[126]	_	_
29-10	2282-2288	before	time[126]	new[126]	_	_
29-11	2289-2290	,	time[126]	new[126]	_	_
29-12	2291-2293	it	abstract|time[126]	giv|new[126]	ana	29-21
29-13	2294-2299	would	time[126]	new[126]	_	_
29-14	2300-2302	be	time[126]	new[126]	_	_
29-15	2303-2304	a	time[126]	new[126]	_	_
29-16	2305-2309	good	time[126]	new[126]	_	_
29-17	2310-2314	time	time[126]	new[126]	_	_
29-18	2315-2317	to	_	_	_	_
29-19	2318-2321	dig	_	_	_	_
29-20	2322-2326	into	_	_	_	_
29-21	2327-2329	it	abstract	giv	_	_
29-22	2330-2331	a	_	_	_	_
29-23	2332-2338	little	_	_	_	_
29-24	2339-2340	.	_	_	_	_

#Text=Your daughter wo n't understand why you 're talking to her about boys if you do n't tell her the truth .
30-1	2341-2345	Your	person|person[129]	giv|giv[129]	ana|ana	30-7|30-11[0_129]
30-2	2346-2354	daughter	person[129]	giv[129]	_	_
30-3	2355-2357	wo	_	_	_	_
30-4	2358-2361	n't	_	_	_	_
30-5	2362-2372	understand	_	_	_	_
30-6	2373-2376	why	_	_	_	_
30-7	2377-2380	you	person	giv	ana	30-15
30-8	2381-2384	're	_	_	_	_
30-9	2385-2392	talking	_	_	_	_
30-10	2393-2395	to	_	_	_	_
30-11	2396-2399	her	person	giv	ana	30-19
30-12	2400-2405	about	_	_	_	_
30-13	2406-2410	boys	person	giv	_	_
30-14	2411-2413	if	_	_	_	_
30-15	2414-2417	you	person	giv	ana	31-4
30-16	2418-2420	do	_	_	_	_
30-17	2421-2424	n't	_	_	_	_
30-18	2425-2429	tell	_	_	_	_
30-19	2430-2433	her	person	giv	ana	33-4
30-20	2434-2437	the	abstract[135]	new[135]	coref	32-2[140_135]
30-21	2438-2443	truth	abstract[135]	new[135]	_	_
30-22	2444-2445	.	_	_	_	_

#Text=Only explain what you believe to be most important at this stage otherwise your conversation may go off topic .
31-1	2446-2450	Only	_	_	_	_
31-2	2451-2458	explain	_	_	_	_
31-3	2459-2463	what	_	_	_	_
31-4	2464-2467	you	person	giv	ana	31-14
31-5	2468-2475	believe	_	_	_	_
31-6	2476-2478	to	_	_	_	_
31-7	2479-2481	be	_	_	_	_
31-8	2482-2486	most	_	_	_	_
31-9	2487-2496	important	_	_	_	_
31-10	2497-2499	at	_	_	_	_
31-11	2500-2504	this	abstract[137]	new[137]	_	_
31-12	2505-2510	stage	abstract[137]	new[137]	_	_
31-13	2511-2520	otherwise	_	_	_	_
31-14	2521-2525	your	person|event[139]	giv|giv[139]	ana	34-2
31-15	2526-2538	conversation	event[139]	giv[139]	_	_
31-16	2539-2542	may	_	_	_	_
31-17	2543-2545	go	_	_	_	_
31-18	2546-2549	off	_	_	_	_
31-19	2550-2555	topic	_	_	_	_
31-20	2556-2557	.	_	_	_	_

#Text=Explain the truth from the start .
32-1	2558-2565	Explain	_	_	_	_
32-2	2566-2569	the	abstract[140]	giv[140]	coref	34-6[145_140]
32-3	2570-2575	truth	abstract[140]	giv[140]	_	_
32-4	2576-2580	from	_	_	_	_
32-5	2581-2584	the	event[141]	new[141]	coref	33-12[143_141]
32-6	2585-2590	start	event[141]	new[141]	_	_
32-7	2591-2592	.	_	_	_	_

#Text=Do n't scare her , but be open and honest from the start .
33-1	2593-2595	Do	_	_	_	_
33-2	2596-2599	n't	_	_	_	_
33-3	2600-2605	scare	_	_	_	_
33-4	2606-2609	her	person	giv	coref	36-5[154_0]
33-5	2610-2611	,	_	_	_	_
33-6	2612-2615	but	_	_	_	_
33-7	2616-2618	be	_	_	_	_
33-8	2619-2623	open	_	_	_	_
33-9	2624-2627	and	_	_	_	_
33-10	2628-2634	honest	_	_	_	_
33-11	2635-2639	from	_	_	_	_
33-12	2640-2643	the	event[143]	giv[143]	_	_
33-13	2644-2649	start	event[143]	giv[143]	_	_
33-14	2650-2651	.	_	_	_	_

#Text=If you start to change the truth , this could impact your daughters knowledge in the long run .
34-1	2652-2654	If	_	_	_	_
34-2	2655-2658	you	person	giv	ana	34-12
34-3	2659-2664	start	_	_	_	_
34-4	2665-2667	to	_	_	_	_
34-5	2668-2674	change	_	_	_	_
34-6	2675-2678	the	abstract[145]	giv[145]	ana	34-9[0_145]
34-7	2679-2684	truth	abstract[145]	giv[145]	_	_
34-8	2685-2686	,	_	_	_	_
34-9	2687-2691	this	abstract	giv	_	_
34-10	2692-2697	could	_	_	_	_
34-11	2698-2704	impact	_	_	_	_
34-12	2705-2709	your	person|abstract[149]	giv|new[149]	ana|coref	36-5|39-7[171_149]
34-13	2710-2719	daughters	person|abstract[149]	new|new[149]	_	_
34-14	2720-2729	knowledge	abstract[149]	new[149]	_	_
34-15	2730-2732	in	_	_	_	_
34-16	2733-2736	the	event[150]	new[150]	ana	37-1[0_150]
34-17	2737-2741	long	event[150]	new[150]	_	_
34-18	2742-2745	run	event[150]	new[150]	_	_
34-19	2746-2747	.	_	_	_	_

#Text=Discuss and Implement Boundaries
35-1	2748-2755	Discuss	_	_	_	_
35-2	2756-2759	and	_	_	_	_
35-3	2760-2769	Implement	_	_	_	_
35-4	2770-2780	Boundaries	abstract	new	_	_

#Text=Agree certain rules with your daughter .
36-1	2781-2786	Agree	_	_	_	_
36-2	2787-2794	certain	abstract[152]	new[152]	_	_
36-3	2795-2800	rules	abstract[152]	new[152]	_	_
36-4	2801-2805	with	_	_	_	_
36-5	2806-2810	your	person|person[154]	giv|giv[154]	ana|ana	37-4[0_154]|37-7
36-6	2811-2819	daughter	person[154]	giv[154]	_	_
36-7	2820-2821	.	_	_	_	_

#Text=This is for her benefit and you should make sure that she understand this .
37-1	2822-2826	This	event	giv	ana	37-14
37-2	2827-2829	is	_	_	_	_
37-3	2830-2833	for	_	_	_	_
37-4	2834-2837	her	person|abstract[157]	giv|new[157]	ana	37-12
37-5	2838-2845	benefit	abstract[157]	new[157]	_	_
37-6	2846-2849	and	_	_	_	_
37-7	2850-2853	you	person	giv	ana	38-29
37-8	2854-2860	should	_	_	_	_
37-9	2861-2865	make	_	_	_	_
37-10	2866-2870	sure	_	_	_	_
37-11	2871-2875	that	_	_	_	_
37-12	2876-2879	she	person	giv	ana	38-5
37-13	2880-2890	understand	_	_	_	_
37-14	2891-2895	this	event	giv	ana	38-2
37-15	2896-2897	.	_	_	_	_

#Text=Whether it means downgrading her phone , installing a parental app , or just simply being more involved in who she 's speaking to , let her understand your motivation .
38-1	2898-2905	Whether	_	_	_	_
38-2	2906-2908	it	event	giv	coref	39-19[174_0]
38-3	2909-2914	means	_	_	_	_
38-4	2915-2926	downgrading	_	_	_	_
38-5	2927-2930	her	person|object[163]	giv|new[163]	ana|ana	38-21|49-16[0_163]
38-6	2931-2936	phone	object[163]	new[163]	_	_
38-7	2937-2938	,	_	_	_	_
38-8	2939-2949	installing	_	_	_	_
38-9	2950-2951	a	abstract[164]	new[164]	_	_
38-10	2952-2960	parental	abstract[164]	new[164]	_	_
38-11	2961-2964	app	abstract[164]	new[164]	_	_
38-12	2965-2966	,	_	_	_	_
38-13	2967-2969	or	_	_	_	_
38-14	2970-2974	just	_	_	_	_
38-15	2975-2981	simply	_	_	_	_
38-16	2982-2987	being	_	_	_	_
38-17	2988-2992	more	_	_	_	_
38-18	2993-3001	involved	_	_	_	_
38-19	3002-3004	in	_	_	_	_
38-20	3005-3008	who	_	_	_	_
38-21	3009-3012	she	person	giv	ana	38-27
38-22	3013-3015	's	_	_	_	_
38-23	3016-3024	speaking	_	_	_	_
38-24	3025-3027	to	_	_	_	_
38-25	3028-3029	,	_	_	_	_
38-26	3030-3033	let	_	_	_	_
38-27	3034-3037	her	person	giv	ana	39-3
38-28	3038-3048	understand	_	_	_	_
38-29	3049-3053	your	person|abstract[168]	giv|new[168]	ana	39-5
38-30	3054-3064	motivation	abstract[168]	new[168]	_	_
38-31	3065-3066	.	_	_	_	_

#Text=Explain to her that you having knowledge of who your daughter is talking to will be important in the long run to keep her safe .
39-1	3067-3074	Explain	_	_	_	_
39-2	3075-3077	to	_	_	_	_
39-3	3078-3081	her	person	giv	coref	39-10[173_0]
39-4	3082-3086	that	_	_	_	_
39-5	3087-3090	you	person	giv	ana	39-10
39-6	3091-3097	having	_	_	_	_
39-7	3098-3107	knowledge	abstract[171]	giv[171]	_	_
39-8	3108-3110	of	abstract[171]	giv[171]	_	_
39-9	3111-3114	who	abstract[171]	giv[171]	_	_
39-10	3115-3119	your	abstract[171]|person|person[173]	giv[171]|giv|giv[173]	ana|ana	39-24[0_173]|43-10
39-11	3120-3128	daughter	abstract[171]|person[173]	giv[171]|giv[173]	_	_
39-12	3129-3131	is	abstract[171]	giv[171]	_	_
39-13	3132-3139	talking	abstract[171]	giv[171]	_	_
39-14	3140-3142	to	abstract[171]	giv[171]	_	_
39-15	3143-3147	will	_	_	_	_
39-16	3148-3150	be	_	_	_	_
39-17	3151-3160	important	_	_	_	_
39-18	3161-3163	in	_	_	_	_
39-19	3164-3167	the	event[174]	giv[174]	ana	41-1[0_174]
39-20	3168-3172	long	event[174]	giv[174]	_	_
39-21	3173-3176	run	event[174]	giv[174]	_	_
39-22	3177-3179	to	_	_	_	_
39-23	3180-3184	keep	_	_	_	_
39-24	3185-3188	her	person	giv	ana	40-2
39-25	3189-3193	safe	_	_	_	_
39-26	3194-3195	.	_	_	_	_

#Text=Ask her about how to be safe .
40-1	3196-3199	Ask	_	_	_	_
40-2	3200-3203	her	person	giv	ana	42-1
40-3	3204-3209	about	_	_	_	_
40-4	3210-3213	how	_	_	_	_
40-5	3214-3216	to	_	_	_	_
40-6	3217-3219	be	_	_	_	_
40-7	3220-3224	safe	_	_	_	_
40-8	3225-3226	.	_	_	_	_

#Text=This is not a one-man show .
41-1	3227-3231	This	event	giv	_	_
41-2	3232-3234	is	_	_	_	_
41-3	3235-3238	not	_	_	_	_
41-4	3239-3240	a	event[178]	new[178]	ana	42-7[0_178]
41-5	3241-3248	one-man	event[178]	new[178]	_	_
41-6	3249-3253	show	event[178]	new[178]	_	_
41-7	3254-3255	.	_	_	_	_

#Text=She needs to be involved for this to work .
42-1	3256-3259	She	person	giv	ana	43-4
42-2	3260-3265	needs	_	_	_	_
42-3	3266-3268	to	_	_	_	_
42-4	3269-3271	be	_	_	_	_
42-5	3272-3280	involved	_	_	_	_
42-6	3281-3284	for	_	_	_	_
42-7	3285-3289	this	event	giv	_	_
42-8	3290-3292	to	_	_	_	_
42-9	3293-3297	work	_	_	_	_
42-10	3298-3299	.	_	_	_	_

#Text=Find out what she thinks and let her give you her opinion on certain ideas .
43-1	3300-3304	Find	_	_	_	_
43-2	3305-3308	out	_	_	_	_
43-3	3309-3313	what	_	_	_	_
43-4	3314-3317	she	person	giv	ana	43-8
43-5	3318-3324	thinks	_	_	_	_
43-6	3325-3328	and	_	_	_	_
43-7	3329-3332	let	_	_	_	_
43-8	3333-3336	her	person	giv	ana	43-11
43-9	3337-3341	give	_	_	_	_
43-10	3342-3345	you	person	giv	ana	45-2
43-11	3346-3349	her	person|abstract[185]	giv|new[185]	ana	44-2
43-12	3350-3357	opinion	abstract[185]	new[185]	_	_
43-13	3358-3360	on	abstract[185]	new[185]	_	_
43-14	3361-3368	certain	abstract[185]|abstract[186]	new[185]|new[186]	_	_
43-15	3369-3374	ideas	abstract[185]|abstract[186]	new[185]|new[186]	_	_
43-16	3375-3376	.	_	_	_	_

#Text=Ask her questions , and listen to her answers .
44-1	3377-3380	Ask	_	_	_	_
44-2	3381-3384	her	person	giv	ana	44-8
44-3	3385-3394	questions	abstract	new	coref	46-2[197_0]
44-4	3395-3396	,	_	_	_	_
44-5	3397-3400	and	_	_	_	_
44-6	3401-3407	listen	_	_	_	_
44-7	3408-3410	to	_	_	_	_
44-8	3411-3414	her	person|abstract[190]	giv|new[190]	ana	45-4
44-9	3415-3422	answers	abstract[190]	new[190]	_	_
44-10	3423-3424	.	_	_	_	_

#Text=Ensure you correct her on any incorrect information to make sure that she stays safe at all times .
45-1	3425-3431	Ensure	_	_	_	_
45-2	3432-3435	you	person	giv	ana	49-1
45-3	3436-3443	correct	_	_	_	_
45-4	3444-3447	her	person	giv	ana	45-13
45-5	3448-3450	on	_	_	_	_
45-6	3451-3454	any	abstract[193]	new[193]	_	_
45-7	3455-3464	incorrect	abstract[193]	new[193]	_	_
45-8	3465-3476	information	abstract[193]	new[193]	_	_
45-9	3477-3479	to	_	_	_	_
45-10	3480-3484	make	_	_	_	_
45-11	3485-3489	sure	_	_	_	_
45-12	3490-3494	that	_	_	_	_
45-13	3495-3498	she	person	giv	ana	46-2
45-14	3499-3504	stays	_	_	_	_
45-15	3505-3509	safe	_	_	_	_
45-16	3510-3512	at	_	_	_	_
45-17	3513-3516	all	time[195]	new[195]	ana	48-7[0_195]
45-18	3517-3522	times	time[195]	new[195]	_	_
45-19	3523-3524	.	_	_	_	_

#Text=Answer Her Questions
46-1	3525-3531	Answer	_	_	_	_
46-2	3532-3535	Her	person|abstract[197]	giv|giv[197]	ana|coref	47-2|48-11[202_197]
46-3	3536-3545	Questions	abstract[197]	giv[197]	_	_

#Text=Tell her what she wants to know .
47-1	3546-3550	Tell	_	_	_	_
47-2	3551-3554	her	person	giv	ana	47-4
47-3	3555-3559	what	_	_	_	_
47-4	3560-3563	she	person	giv	ana	48-11
47-5	3564-3569	wants	_	_	_	_
47-6	3570-3572	to	_	_	_	_
47-7	3573-3577	know	_	_	_	_
47-8	3578-3579	.	_	_	_	_

#Text=No matter how awkward or simple it is , answer her questions truthfully .
48-1	3580-3582	No	_	_	_	_
48-2	3583-3589	matter	_	_	_	_
48-3	3590-3593	how	_	_	_	_
48-4	3594-3601	awkward	_	_	_	_
48-5	3602-3604	or	_	_	_	_
48-6	3605-3611	simple	_	_	_	_
48-7	3612-3614	it	time	giv	_	_
48-8	3615-3617	is	_	_	_	_
48-9	3618-3619	,	_	_	_	_
48-10	3620-3626	answer	_	_	_	_
48-11	3627-3630	her	person|abstract[202]	giv|giv[202]	ana|coref	49-7|49-10[0_202]
48-12	3631-3640	questions	abstract[202]	giv[202]	_	_
48-13	3641-3651	truthfully	_	_	_	_
48-14	3652-3653	.	_	_	_	_

#Text=You might even want to prompt her into asking questions if she does n't have any .
49-1	3654-3657	You	person	giv	ana	52-5
49-2	3658-3663	might	_	_	_	_
49-3	3664-3668	even	_	_	_	_
49-4	3669-3673	want	_	_	_	_
49-5	3674-3676	to	_	_	_	_
49-6	3677-3683	prompt	_	_	_	_
49-7	3684-3687	her	person	giv	ana	49-12
49-8	3688-3692	into	_	_	_	_
49-9	3693-3699	asking	_	_	_	_
49-10	3700-3709	questions	abstract	giv	_	_
49-11	3710-3712	if	_	_	_	_
49-12	3713-3716	she	person	giv	ana	51-2
49-13	3717-3721	does	_	_	_	_
49-14	3722-3725	n't	_	_	_	_
49-15	3726-3730	have	_	_	_	_
49-16	3731-3734	any	object	giv	_	_
49-17	3735-3736	.	_	_	_	_

#Text=Tips
50-1	3737-3741	Tips	abstract	new	_	_

#Text=Make her favorite treats or snacks to lessen the " cringe " around you both .
51-1	3742-3746	Make	_	_	_	_
51-2	3747-3750	her	person|object[210]	giv|new[210]	ana	51-14[213_0]
51-3	3751-3759	favorite	object[210]	new[210]	_	_
51-4	3760-3766	treats	object[210]	new[210]	_	_
51-5	3767-3769	or	_	_	_	_
51-6	3770-3776	snacks	object	new	_	_
51-7	3777-3779	to	_	_	_	_
51-8	3780-3786	lessen	_	_	_	_
51-9	3787-3790	the	abstract[212]	new[212]	_	_
51-10	3791-3792	"	abstract[212]	new[212]	_	_
51-11	3793-3799	cringe	abstract[212]	new[212]	_	_
51-12	3800-3801	"	abstract[212]	new[212]	_	_
51-13	3802-3808	around	abstract[212]	new[212]	_	_
51-14	3809-3812	you	abstract[212]|person[213]	new[212]|giv[213]	ana	55-9[0_213]
51-15	3813-3817	both	abstract[212]|person[213]	new[212]|giv[213]	_	_
51-16	3818-3819	.	_	_	_	_

#Text=Remove distractions so that you can focus on the conversation and have an open mind .
52-1	3820-3826	Remove	_	_	_	_
52-2	3827-3839	distractions	abstract	new	_	_
52-3	3840-3842	so	_	_	_	_
52-4	3843-3847	that	_	_	_	_
52-5	3848-3851	you	person	giv	ana	55-4
52-6	3852-3855	can	_	_	_	_
52-7	3856-3861	focus	_	_	_	_
52-8	3862-3864	on	_	_	_	_
52-9	3865-3868	the	event[216]	new[216]	_	_
52-10	3869-3881	conversation	event[216]	new[216]	_	_
52-11	3882-3885	and	_	_	_	_
52-12	3886-3890	have	_	_	_	_
52-13	3891-3893	an	abstract[217]	new[217]	_	_
52-14	3894-3898	open	abstract[217]	new[217]	_	_
52-15	3899-3903	mind	abstract[217]	new[217]	_	_
52-16	3904-3905	.	_	_	_	_

#Text=Warnings
53-1	3906-3914	Warnings	abstract	new	_	_

#Text=Do not be overbearing .
54-1	3915-3917	Do	_	_	_	_
54-2	3918-3921	not	_	_	_	_
54-3	3922-3924	be	_	_	_	_
54-4	3925-3936	overbearing	_	_	_	_
54-5	3937-3938	.	_	_	_	_

#Text=The worst thing you can do is make her feel extremely vulnerable and like she has no privacy .
55-1	3939-3942	The	event[219]	new[219]	_	_
55-2	3943-3948	worst	event[219]	new[219]	_	_
55-3	3949-3954	thing	event[219]	new[219]	_	_
55-4	3955-3958	you	event[219]|person	new[219]|giv	_	_
55-5	3959-3962	can	event[219]	new[219]	_	_
55-6	3963-3965	do	event[219]	new[219]	_	_
55-7	3966-3968	is	_	_	_	_
55-8	3969-3973	make	_	_	_	_
55-9	3974-3977	her	person	giv	ana	55-15
55-10	3978-3982	feel	_	_	_	_
55-11	3983-3992	extremely	_	_	_	_
55-12	3993-4003	vulnerable	_	_	_	_
55-13	4004-4007	and	_	_	_	_
55-14	4008-4012	like	_	_	_	_
55-15	4013-4016	she	person	giv	_	_
55-16	4017-4020	has	_	_	_	_
55-17	4021-4023	no	abstract[223]	new[223]	_	_
55-18	4024-4031	privacy	abstract[223]	new[223]	_	_
55-19	4032-4033	.	_	_	_	_
